-0.0928179128 -0.9373634584 -0.0388642032 -0.8791527621 0.8609144382 0.9032582064 -0.1388787509 -0.6347350885 0.4694866308 -0.9791500715 0.0000000000
-0.7013575602 -0.7368528413 -0.1431215913 -0.8905158592 0.7529785136 0.9366155609 -0.1655599042 -0.6103089390 0.5561848614 -0.9426431260 -1.0000000000
0.9719150646 0.9094210394 -0.7672010132 -0.6888587063 0.9648196415 0.0796863755 0.1643976468 -0.1495077458 0.2420779126 0.0287125342 1.7757766038
0.7704906884 -0.9630552896 -0.9703697276 -0.3950516208 0.7883839354 -0.3068552626 0.4112544623 -0.8217079203 0.3744506105 -0.3006123059 -0.2932107080
0.8995372256 0.7431024570 0.6342875046 0.6613946866 -0.7962561285 -0.2904795407 -0.8500543350 -0.7949384523 0.1279375829 -0.2993502234 1.4501290746
0.1085989740 0.7889003390 -0.6770722497 -0.8746742729 0.6682863747 0.9125694391 0.8009214160 0.7112857501 -0.9853740202 -0.9969912124 1.4955991364
-0.6875732476 -0.9532165688 -0.2442021207 0.8164591005 0.5564856319 -0.6643535143 0.1105694405 0.4917406482 -0.4129972721 -0.2973725231 -0.1244519911
-0.5829145949 -0.3822234468 0.1892350911 0.9345937653 0.4443360662 0.8548404512 0.3164328505 -0.8765585052 -0.6606802028 0.8485415292 3.8814330926
0.8114054722 -0.8238408437 0.8474437017 -0.7685406880 -0.0314623761 0.0231707204 -0.3290502780 -0.1344325202 0.1156229376 -0.9151545877 -0.3865722647
0.1014373588 -0.2568123183 -0.2153571879 0.0591034178 0.2420068639 0.6247859367 -0.6354287783 -0.7434773241 -0.6811754356 0.6087528975 1.7965329234
