-0.3540841449 -0.9354018141 0.8545547920 -0.0928644513 -0.7582082690 0.4995849293 0.8709457264 0.7841316280 -0.6651867912 -0.7167819116 0.0000000000
0.2998689369 -0.8076527999 0.8352730911 -0.0849705774 -0.7543760832 0.5016279857 0.8749860498 0.7839551930 -0.6655291436 -0.7175549661 -1.0000000000
0.0614602764 0.3371114201 -0.6469364861 -0.3334994117 0.0788536397 -0.7524033442 0.5766374974 0.5918765788 -0.7168466337 -0.9736997366 0.9890392286
-0.3079036247 0.9047179189 0.9443735850 0.4455111770 0.5822789967 -0.3466424605 -0.6195041546 -0.7147386409 -0.9185020045 -0.3123913197 5.9563420227
-0.0823336228 0.6055033648 0.8955700111 -0.1454251993 -0.9956495496 -0.7809317569 -0.5135312666 -0.0698670554 0.2590389329 -0.5035783351 0.8747894556
-0.4407756921 0.8663750668 0.4194383997 0.9828150691 -0.5901486513 -0.8198259504 0.0298027558 -0.9600926448 -0.7080730842 0.2351867629 4.4589398043
-0.6158777975 -0.6218036428 0.4898061181 0.4489909920 -0.8755230760 0.0804165058 -0.3577107727 0.6960354712 0.9361852425 0.6462718973 0.7508977092
0.5552008036 0.9125424610 -0.5555570749 -0.0116500083 -0.2564458031 -0.8905116250 -0.9568121340 0.9251217390 -0.9372002139 -0.5037191810 4.5966252497
0.2301143272 0.5822147224 0.9362810728 0.5983855546 0.2598639326 0.9634293357 -0.7923230365 -0.5045430838 -0.4839873807 -0.5032122536 4.6191284428
-0.6599876356 0.4092804953 -0.8544388350 -0.7030478622 -0.5955551210 0.1831290776 0.8178556214 -0.7271416420 0.6530951894 0.1991203042 0.6578680322
