0.9487976466 -0.6246934488 0.5422677639 -0.6072743268 0.1267686383 0.9375794546 0.9206952515 -0.9813194045 0.5911089799 0.6917992114 0.0000000000
0.5607866148 -0.5642122633 0.2753315297 -0.9267440620 0.4213430463 0.7758933997 0.9124859763 -0.9752335672 0.5899430700 0.6293827036 -1.0000000000
0.0678033321 -0.2157460053 -0.1971816294 -0.9339176065 0.2590226751 0.2067651159 0.4528772553 -0.5384802230 -0.1493332135 0.7805569899 -0.1011152789
0.5963645512 -0.1598749400 0.7650325801 0.4530747940 0.6927911883 -0.4543723500 -0.3469113977 0.0755107055 -0.6821541960 0.0123631691 2.7099547682
0.8555536458 -0.2351814963 -0.7537787867 0.7861332726 -0.5585491655 0.5712540694 -0.9095974709 -0.7181058262 0.7143208305 0.3875591930 1.9339528884
0.4651738964 -0.0288617213 -0.5272794150 -0.5914116934 0.9979451034 0.0952299769 0.8335661430 0.0108519610 0.9971890585 0.9443337840 0.2493716417
0.2868450802 0.9307719422 -0.7431797983 -0.5155295917 0.6248226555 -0.1265538937 0.5570787903 -0.4027973615 -0.0447052393 0.3981070699 2.1232256266
-0.1123508887 -0.7523316723 0.8774297680 -0.5517132770 -0.6346768517 0.7039770544 0.7188557949 0.5485130273 0.5623977202 -0.0468900602 -0.1103079054
-0.4565539611 0.5010608417 0.4717883539 0.7150154940 0.3670025352 0.1457456143 -0.3814469320 -0.5434037128 -0.7063037253 -0.5884281574 4.9726584351
0.8219522145 0.7640445773 -0.2865195980 -0.1394245767 -0.5104481875 0.1504017437 -0.3420480973 0.9075188412 0.4607666267 0.8160776599 1.6670726618
