0.7025474228 0.4122037674 -0.2419562011 -0.9633787811 0.0607392264 -0.7665763427 -0.1774437037 -0.1425919996 -0.9896346246 0.7321349300 0.0000000000
0.4743316187 0.2412250490 0.1165160761 -0.7083250245 0.4039961089 -0.7092936659 -0.1296669257 -0.3014849137 -0.8953849864 0.6223426812 -1.0000000000
-0.2942408579 -0.8747618293 -0.8876861090 -0.3535026145 0.3256920767 -0.3841003374 -0.4601202448 -0.8941026067 -0.8330727408 -0.2154934546 -0.3949053096
0.0497945087 -0.4052957700 0.8873370479 0.2509756041 0.8347982240 0.1614153994 0.3529822242 0.3908392014 0.1827800354 0.3722418969 1.2423414534
-0.8714932286 -0.0248362813 -0.6436903970 -0.1052606436 -0.1296139603 0.4436984342 -0.8081890653 0.0143387688 0.6889576320 0.9960687849 2.0827746381
0.8004693407 0.8021514567 -0.9775486001 -0.0488660195 0.6021471340 -0.9140879104 -0.2284126576 -0.1159764630 -0.7041070939 -0.6714157605 -0.0111674040
-0.2605026817 -0.4460592172 -0.7022155496 0.1701559328 -0.7013654507 0.9855275760 0.2157961223 0.9647607875 -0.4511953124 0.6042012773 2.1651409911
-0.7281361359 0.8223660656 0.4320861239 0.0353588950 0.1028873544 -0.1418868548 0.3759083371 -0.4607809287 -0.1497965033 0.5322217557 1.4678902326
0.1847618392 -0.5984003236 -0.0622211934 0.6606533958 -0.9635230943 -0.6452154250 0.6046738262 -0.5806663754 0.4738234000 0.6290399529 0.0289603151
-0.6143581500 -0.9315184642 0.4105532096 0.1208767654 0.0537104186 0.8793716477 0.4067382495 -0.9775533100 -0.8013876567 -0.6804989366 4.0193211799
