-0.4085789408 0.7028962863 0.8536821315 0.3781379723 -0.8977863883 -0.4727308401 0.9527065013 0.8158513972 -0.0605060579 0.5647684794 0.0000000000
0.2352244603 0.6048614610 0.8108130193 0.2421244518 -0.8974781305 -0.4754035475 0.9526954451 0.8147091935 -0.0583795993 0.5653352122 -1.0000000000
-0.7447442124 0.9951444226 0.4479265427 -0.2188622317 0.7196609836 -0.3765972203 0.2883036785 0.4046238710 0.8316556214 -0.7425807262 0.5779758396
-0.2437586665 -0.4643296616 0.8829413286 -0.6226293713 -0.0480578077 -0.0001604248 0.9059799522 0.9938275187 0.1450410335 -0.7394406390 0.5708608390
0.0990431452 0.5803406270 0.5487156075 0.6964252519 -0.9858931807 0.3392747278 -0.7635914468 0.6333347484 -0.2027061432 0.3362275890 -0.5471342299
-0.6271028917 0.2590602369 0.5997166706 -0.8053555971 0.2015703324 0.4347693176 0.3990438125 0.9881366623 -0.9908550971 -0.3262184641 1.2489253441
-0.2615572369 0.2047814412 0.6463729127 0.7287360978 0.6151906682 0.3734405962 -0.2740948507 0.1104920383 -0.6591360957 -0.4995591959 1.9385326092
-0.8393730447 -0.9372717309 0.3009057088 -0.5028099477 0.8221295390 -0.7662474710 -0.1304640356 0.9316309993 0.7553040000 0.5642249889 2.7298479157
0.1056690621 -0.4617372563 -0.6266574526 -0.9220024160 -0.7411547705 -0.6280647627 -0.2919421812 0.2118420475 0.4570136717 0.5619838632 2.1803432049
-0.3109476156 0.3416627735 0.0829337761 -0.0813952061 -0.3751490341 0.7886237543 -0.2952151025 -0.3014181566 -0.6663527136 0.0172498239 1.6334704070
