0.0676088990 -0.7504117120 0.8942518653 0.7824300845 -0.1801098531 -0.4814022720 -0.6407150053 0.2312524126 -0.7657302956 -0.1951017761 0.0000000000
0.0575778864 -0.0921147651 0.9460987046 0.8382571387 -0.1167169517 -0.5124797556 -0.6539064246 0.2348026371 -0.7646252521 -0.1916498311 -1.0000000000
0.3120568496 -0.6814489734 -0.1188788582 -0.5898240781 -0.7234979315 -0.4090225317 -0.8261216524 0.3824916923 -0.9477549844 -0.3013579843 0.3696801273
-0.1060190674 0.0980042657 0.0693002923 -0.7036839382 -0.9172467167 -0.7744687368 -0.5529426014 -0.5495731575 -0.4583627146 -0.3431500577 1.3181363941
-0.6438865180 -0.6231686077 -0.6808326317 0.6017972679 0.1535882736 -0.0620725913 0.8319344568 -0.8052271795 -0.4237068357 -0.4255724501 2.4861691588
-0.8166079100 0.4504262191 0.4343691582 0.7647623209 -0.7207202795 -0.6405140271 0.3543632071 -0.2784944028 -0.2518234156 0.5399831611 0.8993633444
-0.7697154934 -0.7124484970 0.6022402547 0.8730891786 0.1640712110 -0.8949373515 0.1905428815 0.1636562705 -0.8880782880 -0.1202483056 0.4499512320
0.8801607041 -0.6731121729 0.3573949274 0.6698665498 0.1426066443 -0.6936063887 -0.2944620853 -0.2141686616 0.8729553627 -0.5516898517 0.3401533234
0.6787291996 -0.6086735563 0.3389311988 -0.3374201974 -0.2028026939 0.5985037474 -0.2668682280 -0.0992911664 -0.0952122012 0.4322293610 -0.5419823289
-0.7884460428 -0.5589004918 -0.7299415741 -0.0854099941 -0.7483898554 0.0235277823 0.5396034614 -0.5306640775 0.4003246864 -0.4613571237 3.2542136428
