0.8371531720 0.5222757192 0.2231148073 -0.4468378884 0.5370972580 0.2618708122 -0.8757320804 -0.4220434966 -0.9799962786 -0.3585560684 0.0000000000
0.3068343749 0.3219958975 -0.0273801707 -0.5244080576 0.7612856669 0.3255364638 -0.8717857222 -0.4225272298 -0.9799148806 -0.3585486499 -1.0000000000
-0.2272771652 -0.9233176144 0.0726579071 0.3989487890 0.8686120131 -0.2836813664 0.3087032439 0.4629512461 0.8482369678 0.0065866751 4.6657391368
0.8368086104 -0.3849234455 -0.1335052256 0.8393926517 -0.7757316914 0.9536622940 0.3418066062 -0.0984927701 0.1852136786 -0.8919805541 3.3429621638
-0.4152686985 0.3559970655 -0.3522088087 -0.6275567332 -0.8456165784 0.6515736413 -0.1702466185 -0.6267325783 0.2466408179 0.9993417163 1.3724502020
0.7248422060 -0.4390758279 0.6580103105 0.9552109673 0.9186470927 -0.6018352423 0.6007291744 0.4417900872 -0.2612051006 -0.4342926517 2.5035994705
-0.6526936353 0.2186939359 -0.5313275979 0.4905101454 0.1045012933 -0.3044790160 -0.9465823045 -0.4548577309 0.2090265504 -0.3663360592 1.6148842949
-0.3604644422 -0.7287214497 0.3696090773 0.2084816991 0.0739194424 -0.0649022021 0.6152512598 -0.5600540276 0.4028214892 0.4076075559 3.3631050387
0.8309712881 -0.6297384275 -0.2501619471 0.9602393892 0.2739835584 -0.3360298852 -0.2637753387 0.6242199701 0.2741424837 -0.5785784323 2.4641462136
0.3606495715 -0.1780924624 -0.1807736744 0.2731623420 -0.3551506419 0.9648349371 0.5815322381 -0.8905756053 -0.6839030582 -0.8745286319 1.4310830900
