0.7774273803 -0.5918457223 -0.0728041874 -0.2495554813 -0.9066357772 0.9288115108 -0.5864939135 -0.6030824944 -0.5388230167 0.5553294536 0.0000000000
0.3860290854 -0.7911558741 -0.1292784663 0.2487481747 -0.9024563681 0.9264818265 -0.5863754755 -0.6014333141 -0.5364837610 0.5559044519 -1.0000000000
0.0571994882 -0.7836898196 -0.5056247261 -0.9201711182 0.1122293378 0.3204249132 0.7343513158 0.0665876225 0.4186012067 -0.0541525059 0.8097049146
0.4643146339 -0.5937546781 0.5623825484 -0.0867271083 0.2702906008 0.7545306950 -0.5780106486 0.7649105693 -0.8370925884 0.5065422897 -0.5908425968
0.8121902985 0.4069710377 0.7463779494 0.8154655117 -0.7238021166 -0.0489391067 -0.0925708622 -0.4267124807 0.8545847331 0.4967083380 0.5473872155
0.6890265718 0.4873182096 -0.0109025579 0.6375718472 -0.1106712440 0.8381425599 0.2260349052 -0.0705394185 -0.9873790645 -0.0826343005 -0.2154622245
0.8741248049 0.6622084087 0.6585682475 -0.5676054714 -0.8337702409 0.9879628945 0.8675018449 0.8101501500 0.8096614668 0.1505051452 0.6824331248
-0.9319576298 -0.6218844630 -0.3514346557 0.5503759183 0.2147768029 0.3257227446 -0.1917662443 0.8752748313 0.4574344274 -0.9541490996 2.9501094038
0.1379574867 0.1374896651 -0.9607990161 0.1601319668 -0.5241693137 0.8970660008 -0.6078685051 -0.6011771294 -0.2019317015 -0.0715075231 -0.1240935922
-0.4250923522 0.9752206180 0.7031131474 0.0212148597 0.5618207621 -0.3627880108 0.3130107002 -0.7874927792 0.0001997201 0.6529757837 1.6043176785
