-0.6017872345 0.0965099833 -0.9999610914 0.8225034462 -0.9286993763 -0.8002948073 0.0978012322 0.2292183216 0.5388235851 -0.6078480114 0.0000000000
-0.9703420577 -0.2010938050 -0.5631414519 0.6773057350 -0.8529418231 -0.7524034634 0.0995056314 0.2288762565 0.5294359908 -0.6129557586 -1.0000000000
0.1025924510 0.6739260200 0.2361301467 -0.6541855452 -0.8593494449 0.1178211206 -0.1598395581 0.3446534613 0.7197486577 0.6442712499 0.8836531388
-0.3050537260 0.9738978979 -0.0628757064 -0.9852663329 -0.2029420096 0.1582706221 -0.5296409166 -0.6095425245 -0.6009763870 0.3128031517 3.5355256289
-0.3232217478 -0.4705983943 -0.6841053652 -0.9184705126 -0.4776042379 0.6503838321 -0.9260934571 -0.0941075337 0.1311530064 0.7272471944 2.2945414445
0.2337243423 -0.4019161194 -0.7824962009 0.3954219573 0.5825610049 -0.8744031601 0.0616103557 0.2461694642 0.9833829166 0.7349969681 1.0150763684
-0.2361503735 0.4138726218 0.0647574103 -0.6240521861 0.2946499302 -0.2714144986 -0.0602073141 0.7117500981 -0.7538742757 0.6921257312 3.1555732635
-0.5590482631 -0.2130257246 -0.0704787415 0.9898753518 0.7020742346 0.1197302151 -0.6628203000 0.5492519774 -0.1575376132 -0.2685045905 -0.6742097545
-0.2758580885 -0.1752959802 0.6005371531 -0.9389988694 -0.7199650285 0.5346893849 0.3658059028 -0.8463920265 -0.7227623439 -0.6313250550 2.6087864769
0.4443128459 -0.1611666451 -0.3135009576 -0.3473750696 0.1911284202 -0.7494621643 -0.0550166372 -0.8667101355 -0.0949202199 -0.4708317615 0.2046795371
