0.2570314412 -0.3822020455 0.1501425034 -0.3679435624 -0.7833632560 0.4951881379 -0.7014446486 0.6840344924 -0.7736420554 0.2808699787 0.0000000000
0.5979277407 -0.5066989959 -0.1663479951 -0.1196754684 -0.3964339667 0.5124902060 -0.7112626935 0.6563337956 -0.7671774373 0.2843715003 -1.0000000000
0.1264690853 -0.6796428487 -0.2129434183 -0.0362729283 0.0662365906 -0.0624004248 -0.0578707249 0.9768609018 0.1678647038 0.5862438021 0.6378656146
-0.3018500159 -0.4892383622 0.1274328337 -0.8456269337 -0.5851988332 -0.5678248024 -0.6681927130 -0.4921362863 0.7793969810 -0.1832932695 0.9281339099
-0.3998893575 0.1335414187 -0.5967319250 -0.3783676392 -0.5661049706 -0.7225250951 0.5591639429 -0.5233867230 -0.7670594832 0.1141181607 1.3424110293
-0.4397751620 -0.8238890587 -0.1541966627 -0.2865710555 0.5105841555 0.8594607150 -0.1887159326 -0.5795461424 -0.7770219537 0.0424398630 1.3856011205
-0.6169317268 -0.3113203611 0.4229305539 0.1027716711 0.1345175647 0.2236206629 0.9195106548 0.4116879557 -0.0042590911 -0.3270870182 1.5907612492
0.5526429320 0.2631778399 -0.3396477654 -0.2683445386 0.2020687226 -0.8665926330 0.2304658371 0.9296896248 0.7407082840 0.7303752934 2.5860999047
-0.7254893035 -0.5484214619 -0.5985027377 -0.0308941992 0.6282255841 0.4878645011 0.9311587539 0.0751728155 -0.3603776109 0.2722141013 2.4653002935
0.0369777913 -0.9326892669 0.3291014366 -0.0905507719 0.3939869108 -0.2983924952 -0.9496877026 -0.9940343958 -0.4992504422 -0.7874910384 1.3364148281
