-0.5669413852 -0.8793235243 -0.1742124059 0.5554112650 0.8018199760 -0.7374317031 -0.9711691186 0.0708051314 0.8898439934 -0.7839757467 0.0000000000
-0.7331471517 -0.5894257751 0.2423305807 0.8809688627 0.7449442998 -0.8984301067 -0.9198458456 -0.0757963837 0.8912743984 -0.7843536918 -1.0000000000
-0.9083100671 0.1133109720 0.2658127451 -0.7362598128 -0.8288131952 0.5660425048 0.8516419682 -0.0359480829 -0.0838131433 0.8477866071 7.5527639969
0.9433815518 0.9028301552 -0.3922736233 0.8641097372 0.1124257118 -0.6814673567 -0.5631857988 -0.1825830871 0.4207547747 -0.5259488531 0.8145111326
0.3954069224 0.0755351026 0.1330495670 0.0864526429 -0.9846308787 -0.1832276675 0.2453954264 -0.0426178753 -0.5720270027 -0.5055176010 3.4370857545
-0.9943071050 0.0232961569 0.9110666937 -0.6907932033 -0.1765651389 -0.4954353699 0.2599243415 -0.6715430804 0.0760702258 0.6637564192 3.8917488076
-0.5363344272 -0.6351210917 -0.6267867296 0.0568202950 0.2472463535 0.5897326313 -0.5339897490 0.8193451076 0.6108085269 0.3604226645 0.2035754235
0.8962681636 0.5465319064 0.3820869343 0.2264755042 0.7957805708 -0.4142089673 -0.9033450252 0.0691289948 -0.6557668669 0.3144403669 3.3581040032
0.8332316210 -0.1595716531 -0.6542662755 0.3686094378 0.8658348733 0.7081303217 -0.1908782185 -0.0630024449 -0.8354728008 0.8506609938 3.8072134889
-0.2905527960 0.5231729847 -0.7233351522 -0.9188480582 0.1895179599 -0.1753033663 0.5063902532 0.8290703775 -0.0253359223 -0.3479526442 1.8670856227
