0.5917652707 -0.4173164119 0.4595071631 -0.9618876193 -0.3473645285 -0.1926563499 0.5365478961 -0.8414934501 -0.9312927371 0.7132750395 0.0000000000
0.5638743928 0.2394700657 0.3554594963 -0.9786559849 -0.3386593619 -0.2260396551 0.5369396911 -0.8422332434 -0.9313256397 0.7135410848 -1.0000000000
0.9834678550 0.6809554341 -0.5473391615 -0.9122274840 0.9544834610 -0.6209040053 -0.8236695165 0.1123032361 0.9273596848 -0.8350497531 4.7562204091
0.0604508325 -0.6267715197 0.2404871954 0.7592374067 -0.4681236237 -0.0986958959 -0.2010941233 0.0279285452 0.8113421144 0.0459837983 3.3158269148
-0.9334709984 0.7549745938 -0.7033618516 0.2273109228 0.5429141354 0.2550921426 -0.7612820014 -0.9301625840 -0.2563184711 -0.9681028633 1.3486581504
-0.3931365629 -0.8497175418 -0.9994833902 -0.1916734062 -0.0953748143 -0.8323942487 0.3886432596 -0.7508587807 -0.8452325723 0.2839693687 0.1301480813
0.9660001215 -0.0975810129 -0.9393801945 -0.0635240167 -0.2472927037 -0.0326285578 0.3183387145 0.9742186372 -0.3827009230 0.5609027480 0.4624218006
-0.5836109785 -0.7525474897 -0.1220334478 0.6019079191 -0.2576045275 0.7693708243 -0.4130104283 0.3808258853 -0.0357702979 -0.4843422450 3.9554095082
-0.1064894007 -0.6389932731 0.3762248954 -0.8462128503 0.1430228104 -0.4428015788 -0.9845589716 0.0248120261 0.3344364482 -0.9315216382 2.9887907791
-0.7297316849 -0.0495993882 0.3114389760 0.4061175342 0.8245991559 -0.4685775615 -0.7873857725 0.6810080265 -0.5391131119 0.2859784776 2.5493091616
