0.6804990384 -0.2450021286 -0.2021462408 0.0825403302 0.9054905079 -0.7560183827 0.8997083170 -0.0539623457 0.5529048907 -0.3903498827 0.0000000000
0.2009299559 0.2049465026 -0.2438054465 0.1754703974 0.9342644168 -0.7661454005 0.9262066189 -0.0541944513 0.5529177190 -0.3903602447 -1.0000000000
-0.8093469262 0.5375510556 0.3511833786 -0.9676763927 0.8833483254 0.8294333664 0.7222248929 0.6309690440 0.1665158751 0.1263100372 -0.3346023735
-0.7139853910 -0.1966458695 -0.0150863446 -0.4244234387 0.8329601938 0.7283940619 0.0049623777 -0.7941501661 -0.4904003656 -0.1661516996 3.2005144328
0.3746890869 -0.3054729074 0.7613985499 -0.1353316821 0.7701567613 0.1133229230 0.1779205521 -0.3816717445 0.4817494360 -0.1562654831 -0.7290058153
-0.8770744394 -0.5678267890 0.6293137294 -0.0662687914 -0.1667966255 0.8403477007 0.9681864869 -0.9696517982 -0.1058272989 0.7396183576 1.6752259003
-0.1446904347 0.3929842021 0.2763439905 0.7707969679 -0.1807468671 0.8987753618 -0.9618294558 -0.3361557516 0.1803998482 -0.0699929772 2.7834163388
-0.4763194750 -0.0529361835 -0.6586144270 -0.2250102606 -0.0417778592 -0.2423907656 -0.9356079633 0.4405719596 -0.2052805782 -0.7318050902 1.2585437051
-0.9685709236 -0.6267338079 0.1165532450 -0.6159424650 0.0827546895 0.8062099804 -0.4769840391 -0.5456310247 -0.0869095661 0.3144156266 5.0175211384
0.8872056257 -0.5760850283 -0.5657060988 0.4565120363 -0.3275125766 -0.3492081507 -0.2024920103 0.0142884490 -0.2970431101 -0.9347193811 -0.2158352819
