0.5539638876 0.3452329605 0.7462977687 -0.4932940723 0.1158257619 -0.9081338107 -0.5770765855 -0.1517732854 -0.7629316466 -0.6623117759 0.0000000000
-0.1083423575 0.4099081854 0.7069155689 -0.4864107546 0.1185446161 -0.9085308485 -0.5794930884 -0.1518841713 -0.7628837894 -0.6617804895 -1.0000000000
-0.1051685542 0.2687570720 0.8898103716 -0.3065372023 0.2987700075 0.0787321540 -0.9391252051 -0.3856989191 -0.2266416705 -0.8884519247 -0.9115503207
-0.9413058208 -0.5739533656 0.8291192239 -0.8498439452 0.0357894706 -0.7338132547 0.8080887065 0.8284186095 -0.4494305655 -0.6661457505 -0.4423773267
-0.6168815729 0.2629639679 -0.5918916734 0.8074181678 -0.5450744418 0.3340039616 0.2166988906 -0.8667632160 -0.8464208344 -0.6174689732 0.5391720912
0.8614668082 0.8386828963 -0.9713759093 -0.8197560722 -0.2363841297 0.0512068663 0.3114776308 0.7663253737 -0.4105894008 0.3789422683 1.1043540755
-0.6961273881 0.6897985566 0.6815628877 0.9719029428 0.8532668054 0.4223792715 -0.5431851717 0.1123574141 -0.0312478656 0.7682693853 0.2089283405
0.9619950651 -0.9476440819 -0.9476864749 0.0257658332 0.2686103763 -0.1489874082 -0.6640648045 -0.0264515840 -0.8001271881 -0.0972330658 0.1255356215
0.3451214303 0.0414437681 -0.7341994928 -0.9464792966 0.2711942463 0.9786852329 0.9200048486 0.0290015850 -0.2767167909 -0.7723453263 2.3615336168
0.8481389638 0.8098384003 0.2295199349 -0.5857238247 0.1096575159 -0.2574978199 0.5556599044 -0.6227416291 -0.4954433621 -0.4147662294 -0.5059934992
