-0.4464602116 0.4863663443 -0.8817090760 0.0503830504 -0.0890263320 -0.7568366838 -0.1051007221 0.2595638510 -0.0937154958 -0.5504424591 0.0000000000
0.2138276930 0.5781360221 -0.8842450322 0.0503358443 -0.0950467207 -0.7567960000 -0.1050879502 0.2595649588 -0.0937155303 -0.5504410837 -1.0000000000
-0.3261039851 0.4994199157 -0.1343909718 0.3675281373 -0.0748683017 -0.5660265934 -0.1043875108 -0.1170856579 -0.9673335761 0.5339769378 -0.8581985403
0.4181761040 -0.0800931822 0.5274678894 0.7898111573 -0.2279724780 -0.6143275607 -0.2346036812 -0.5128523614 0.6233049298 0.9693249981 1.5993047187
-0.0994929775 -0.5019133810 0.1735964256 -0.2535222677 -0.4901054501 0.7442594862 -0.7683029897 0.0670728195 0.2396053548 0.9834432859 3.3887853171
-0.7091435268 -0.7626866374 0.7059447786 -0.7028069353 -0.3736535777 0.6869569031 -0.5403074557 0.7869142642 -0.2992469465 0.4632999360 3.7119608307
0.3803684552 0.7845825657 -0.8543332987 0.1039014342 -0.4304494493 -0.4086130614 -0.6784242343 0.7131410933 -0.2223146177 0.8671876024 0.4324545506
0.6951870076 -0.5029715223 -0.1191056561 0.6490221635 -0.0090285210 0.5096738592 0.6563249524 -0.8666443010 0.8046280772 0.0146446723 1.7803170445
-0.7667321684 0.4437306536 0.4624673880 -0.2583373975 0.5048499803 0.8289907307 0.5257524986 -0.2129116455 0.0084294852 -0.2202327156 0.8149413771
0.2953725197 -0.0196942426 -0.9658326672 0.9623700948 0.7886795422 -0.8321213508 0.0095135605 -0.6142406133 0.5828506566 0.5940048726 0.0728969275
