0.2171529633 0.9027120473 0.7724023376 -0.7824561593 -0.8960658509 0.3940673509 -0.7652563559 -0.0417384150 -0.4597751055 -0.1139089705 0.0000000000
-0.4492158828 0.8907660995 0.7802530053 -0.7688944521 -0.8931180602 0.3938808273 -0.7654638022 -0.0417200869 -0.4598481396 -0.1139250645 -1.0000000000
0.8461392504 0.2231655203 -0.1703325283 0.3807445504 0.7169314880 -0.1752124648 0.7557658319 0.4644622757 -0.7958124391 -0.5718872557 2.5365657052
-0.7316844952 0.0087513179 0.3182014580 -0.9583131661 -0.6763735929 0.5649931219 -0.6679322619 -0.6319353170 0.7055959455 -0.1532425263 -0.2733882008
-0.5571073491 -0.3611570652 0.6641273342 0.3993314180 0.4094684982 0.0923726640 0.0730308646 0.7615184545 -0.3247850392 -0.6431409545 2.7674574901
-0.4578681621 -0.2804315839 -0.1871314592 -0.7196383621 0.1625975857 -0.0036532547 0.1743618531 -0.1359965256 0.3417347002 -0.4145859112 2.0682611979
-0.2692070408 -0.2884895203 0.2226793988 -0.3322634472 0.7133422211 0.2875217971 0.6683737320 -0.1756566318 0.7665217598 0.8394450146 3.2297001785
0.4388785048 0.9559218691 0.1079358550 -0.1002812223 -0.8907495504 0.0734418301 0.1972645029 -0.9859414360 0.6856647451 -0.0339032525 0.6391156158
-0.7041537311 0.4064688284 -0.8363576731 0.4888873388 0.2844909728 -0.2678212831 -0.0471559928 -0.9955390495 0.3447653284 0.2488370897 3.0068020569
-0.6502911059 -0.3905213929 0.8581842958 -0.9482806620 0.1130019498 0.2107531835 0.3035290987 0.6962409681 -0.5532007453 -0.3760095012 1.0597230510
