0.1785984770 0.4731923368 0.4892828777 -0.3220985159 -0.4173781461 -0.4133088137 -0.1018763350 0.2525723820 0.9309125056 -0.1224081889 0.0000000000
0.7886239055 0.2686071519 0.4194460090 -0.2864484292 -0.2635616271 -0.4388113663 -0.1019255665 0.2528459127 0.9309276046 -0.1229117854 -1.0000000000
0.6981268041 0.6789293248 -0.2394302846 -0.2829522426 -0.9999733801 -0.2293761795 0.0494840139 0.9193394457 -0.8839201948 -0.0910951018 -0.1166755942
0.8307353227 -0.3632332681 -0.3357310206 -0.8236536394 -0.7337305069 -0.1662555309 0.7854827865 0.2343292259 0.9019748672 0.2362895754 -0.5183863140
0.3916438335 0.8085147575 -0.4980982480 0.7653369145 0.9776053131 -0.1866360785 -0.2490654077 -0.1714112704 0.0460788760 0.9947698894 -0.5262857036
-0.3650071634 0.8565047939 -0.1248051545 0.5852176870 -0.8942948282 0.8124515414 0.2868748823 0.8715166828 0.1079863229 -0.6184451279 0.2112521554
-0.7998240406 0.6921661713 -0.2396503440 0.1173343874 -0.1249333291 -0.5539695903 -0.6617491317 0.6546990007 0.6192538522 -0.3995890719 0.9674064161
-0.8383592893 -0.9304238704 0.2136404577 0.1911618573 -0.3349125383 -0.8064637602 0.3832055915 -0.3969795057 -0.4597104502 0.9558411268 0.6846996661
-0.9953186231 0.4557582147 0.9140818918 0.7193115667 0.0789520846 0.1705410401 -0.4229977668 -0.6408945524 -0.1738250364 0.9089333694 1.8913924388
-0.9845992071 0.7081535481 -0.7605792118 -0.0119366674 -0.4386342556 -0.5389454731 -0.7650734938 -0.0677687112 0.0672849144 -0.7226127784 1.6908451880
