-0.5939801173 -0.7488107674 0.8212151283 0.4102606492 -0.4048427062 -0.4825828593 -0.0201210442 0.8438861766 -0.0134818476 -0.7376679894 0.0000000000
-0.2782945019 -0.9526089971 0.9080502354 0.6665109939 -0.7524311770 -0.2831440040 0.2092759017 0.7362055070 0.0202843223 -0.8016752399 -1.0000000000
-0.8322168965 -0.3298703883 -0.9225309532 -0.8403823645 -0.4963758158 -0.1937070626 0.1609914579 0.9074600492 0.8564808548 0.9057248845 2.4944584460
-0.9724479733 0.4197662856 0.5669507748 -0.1131842406 -0.8501178287 -0.8130035775 0.3248378235 0.4739223593 0.9272944509 0.6343215218 1.1782207305
-0.9981007323 0.0639283325 -0.2976709514 -0.0314419383 -0.4762520329 0.2120837664 -0.3225758709 0.2873706075 0.0862057132 -0.7144659530 0.0241395623
0.3275562296 -0.4878560303 0.7150951742 -0.2897016649 -0.9969025748 0.6118828355 0.5715589635 0.3990979158 0.1815849591 -0.6260133007 -0.5438217090
-0.8916454385 0.2688185052 -0.7873341705 0.4360736234 -0.2444035855 0.3355703024 0.4124491530 -0.0904214152 -0.9375747463 0.2683752914 1.1558756707
-0.9321764480 -0.3217101096 -0.2701775593 0.2377545825 0.2626788621 -0.2939069231 0.2511507896 -0.2925541955 -0.1534794886 -0.5706542820 0.2261865525
0.9666310041 -0.7020464551 -0.2585746763 -0.0463232379 -0.6979042327 -0.6642525606 -0.1202666198 -0.1810202925 -0.3564091476 -0.0119697618 -0.4031361802
0.7503744026 0.3640935831 0.0539548528 0.2234279319 0.4083646454 0.3941948000 0.4120941249 -0.4964629265 -0.9081742527 0.8455125059 2.9432711857
