0.1365483820 -0.2351541852 0.6879628937 -0.8239262145 -0.9787302863 -0.5735936512 -0.8852492781 0.0056780491 -0.3692899357 -0.9588140242 0.0000000000
-0.4102227218 -0.0610989621 0.3520403443 -0.8705485586 -0.9673058852 -0.5670792071 -0.8852105750 0.0056896420 -0.3691653620 -0.9586240286 -1.0000000000
-0.5997631136 -0.6297715952 0.5467633868 -0.0042803496 -0.6846262749 -0.4744632357 -0.3511950227 0.4840313340 -0.2947329924 -0.1895741706 -0.5598309659
-0.9904494201 -0.1150146301 0.9077733760 0.9070795534 -0.1555446990 -0.7745084716 -0.3418278701 -0.8658191223 -0.6880249793 -0.3004066831 0.9894700057
-0.7590444662 -0.5103445250 -0.3066866022 0.6966317923 0.7644533488 0.7977918055 0.2543458420 -0.7064746238 -0.3985416552 -0.2211153270 6.1346235899
0.9589388261 -0.2802428390 -0.3288840766 -0.9426889762 0.2516511710 -0.8632985706 -0.0744462350 0.0068165515 -0.6168453042 -0.0272860024 -0.8005124447
0.3569691728 -0.9574930282 -0.4831240896 0.1605810599 0.8239595911 0.3022125472 0.6575853684 -0.4437933119 0.3110883681 -0.6128830744 3.3441588318
-0.9836919232 0.1736685707 0.1562217996 0.0281789145 0.1993492744 0.8941977002 0.5927489097 -0.4019635719 -0.3588476528 -0.9119603597 3.3527894510
0.8926612281 0.7715289460 -0.7117861787 -0.3684426956 -0.4642639606 -0.4442931091 0.8708385981 -0.6868814198 0.3151626891 -0.9157205126 2.2305757778
0.7853195342 -0.5140042895 0.0700330157 0.4175183493 0.9595933571 0.6337329567 0.0143497673 0.4547494918 -0.6677870566 0.0348437171 3.0071115339
