0.3902329515 -0.2385359299 -0.2746454204 -0.8333167718 0.5021430339 0.1211668015 0.9740174296 0.0192948012 -0.6350492084 -0.3526488576 0.0000000000
0.2029467278 -0.1534755000 -0.7536007911 -0.4520942747 0.6052937171 0.1802149414 0.9873213522 0.1326894051 -0.6504659461 -0.3505340100 -1.0000000000
-0.7825025061 -0.2277806953 0.3347108997 0.9453205841 -0.6873532773 -0.7345234973 -0.1641220643 -0.2930906436 0.0493798866 -0.6822736687 3.0642188142
0.5763942379 0.3239358169 0.3659144951 -0.0386587281 0.9432388444 -0.4647393434 0.4368204795 0.7066592722 -0.9364730327 -0.8672401317 -0.5806655572
-0.4553860787 -0.1974271797 -0.6733880936 -0.6895829867 0.1844400105 -0.4329883262 -0.4345276402 -0.1628782471 -0.5817334216 -0.4008020847 0.2536753282
-0.7588704136 0.8252874144 0.0671374604 -0.1301633631 0.8373187479 0.3248878262 -0.3276946047 0.2552031045 0.3734665121 -0.8902670642 1.2925268323
-0.2192781522 0.5521237911 -0.1907458732 0.7115371450 -0.0652037904 0.2753179572 -0.9882071342 -0.4259545000 -0.6072933817 0.2304924656 2.4340109549
-0.9962791016 -0.8907360187 0.3771765947 0.5569143191 -0.1523401008 0.1844761285 -0.7525798895 0.2758156782 -0.6616833972 0.1790628535 2.1377097261
0.1353928719 0.4745199903 0.7332564011 0.7961305738 0.1843899356 0.2357312529 -0.6579403010 0.2763511402 0.7965004388 0.0913767449 2.8707899513
0.9866747045 0.3746275264 -0.8248739715 0.5552287191 -0.6824984779 -0.8735206445 -0.1942954085 0.5829177302 0.1084993311 0.5096513667 1.1917608534
