0.7240636680 0.0496399559 -0.5597082638 0.7889249529 -0.0897278371 0.0740023612 0.6312191465 -0.6079590020 0.1801134627 0.3196425881 0.0000000000
0.7225229956 0.0292776534 0.0260332220 0.5235402037 -0.2459039257 0.1362827935 0.5919315880 -0.6341307743 0.1791811755 0.3221234418 -1.0000000000
0.9825504549 -0.3010888739 0.7913869737 -0.0546308183 -0.9786837246 -0.5814875513 0.1035911293 0.4814031139 0.8287585653 0.6723819620 -0.0751598253
-0.6459044960 0.6264385669 -0.0212324165 -0.2373117009 0.3595490996 0.2452623253 -0.0495175131 0.8238362776 -0.2848345418 0.6263097312 0.3707030384
0.9962997518 0.0925085070 0.3433432711 0.4758318379 -0.8093806086 -0.4156295382 0.0553581697 0.3095702689 -0.2808302222 -0.5552825221 -0.1336928224
0.7970399181 -0.4052274897 0.2416138306 0.8074422967 -0.1862374026 0.7996704009 -0.0662870667 0.7429499819 0.2426708159 -0.3805591041 1.1536307347
-0.0540169431 0.0669477254 -0.5900715499 0.4366626667 -0.3237624718 0.0634903857 0.2689598821 -0.8648780418 0.4006814021 0.8954274754 -0.3445670658
0.5586655585 -0.1359791349 -0.5015921449 -0.9000456898 -0.7279366538 -0.7011825483 0.2934666564 -0.8558441259 0.9218634936 -0.3628109397 -0.5572304440
0.2226560860 0.0666477976 -0.4116743249 0.4069746801 -0.9906933303 0.0437465451 0.2942821957 -0.7179788803 -0.5023077584 -0.6999016152 0.5682272582
-0.3352014680 -0.3709223493 -0.2090576978 0.9437075989 0.6267694306 -0.4816873587 -0.1278885677 0.3708144530 0.6927228358 0.4883993990 -0.6802251217
