-0.7145102196 0.4171867970 -0.3099093229 -0.6007162003 0.9165671541 -0.7131681136 0.1766833060 -0.2003219221 -0.5659514461 0.8884783144 0.0000000000
-0.2795911395 0.8650186202 -0.0992360417 -0.5986090658 0.9759085031 -0.6602365209 0.2390852840 -0.1999421985 -0.5573646596 0.8808744880 -1.0000000000
0.8368894438 0.9420933210 -0.0879499711 -0.6226430578 0.5450356137 -0.3059090221 0.5886366392 0.1260878054 0.3717719241 -0.4523003241 0.9850941269
-0.2915513578 -0.9456772769 0.5270803610 -0.7267215563 0.1864886342 -0.4031463046 0.4244439992 -0.0832994248 -0.3080447375 -0.4717251072 0.1729049988
0.5230402935 -0.3475503856 -0.8258693163 -0.5826711021 0.9260952071 -0.2307026598 -0.4074464120 0.7935021699 -0.9854145162 -0.8066815361 0.8173637735
-0.3756282769 0.9300768402 -0.6209989868 -0.9851382919 -0.3577342134 0.1749003756 -0.3217847409 -0.4942823029 -0.9784675715 0.9378257723 0.2288711740
0.0290862460 0.8523634387 0.6468309713 0.8840803672 0.5456419890 -0.9443122696 0.8632622005 -0.9134302756 -0.6212266123 -0.4892867879 -0.3108545743
0.6734599481 -0.9411849203 0.7345735927 0.8717353594 -0.5761765621 -0.8707253707 0.0057528164 -0.3842144107 0.5445639402 0.6001029173 3.8444273177
0.0148597565 -0.8984641116 -0.4052702890 0.7592283128 -0.5596441240 0.4382270590 0.1426953273 -0.0180255153 -0.3115341960 0.7572624647 2.0775597846
-0.9721675330 -0.9534474235 0.8076080201 0.7319752280 -0.1477868888 -0.8909190643 -0.7066874513 -0.0560209609 0.1731656535 0.6915104468 2.4823423865
