-0.0570669992 -0.8496952294 -0.0098840753 -0.9381733261 -0.8685920448 0.8202000306 -0.2053212555 0.4866656507 0.2857982591 -0.3206239105 0.0000000000
0.3818403336 -0.3595575438 -0.1148226025 -0.9495868990 -0.8599675034 0.8384543355 -0.2044869876 0.4824938421 0.2870854487 -0.3210110400 -1.0000000000
-0.7300345812 0.0123013036 -0.6842033670 -0.6161704339 -0.8516569520 0.2176305333 -0.3007623892 -0.3304043441 -0.2322226574 0.3224984190 0.7300688011
-0.6908344917 0.8392790222 -0.7192845832 -0.7889649811 -0.7800111137 0.6218015561 0.4165563067 0.1511847728 0.2296638230 0.5379360134 1.5719268609
0.8270715026 -0.0824565937 -0.0984987274 -0.0009610762 -0.7909030829 -0.6605557223 0.2548859686 -0.2616351926 -0.2555840323 -0.8844003023 0.7908786509
0.7594799633 0.3525438586 -0.4738806658 0.3757309359 0.4835726498 -0.9592984832 0.1095533573 -0.4246804525 -0.3584957821 0.7594296955 5.0285113122
-0.7693402410 0.9821168057 -0.9310344847 0.7644818202 -0.7208255360 0.3972488911 -0.2371082498 0.7109212784 0.2258923943 0.5245027076 2.9054034976
-0.1052594182 0.9131702106 -0.1279796515 0.8191493946 -0.9205739107 -0.1655808104 0.9258639986 -0.7835959089 -0.9244238448 -0.3743767526 4.3679401525
-0.3258808315 0.0171633453 -0.9105404754 0.0869510276 0.3971594120 -0.9654747289 0.2979952126 0.4101543154 -0.6008991666 0.0236420877 3.0478960158
0.9089954192 0.7138745450 0.4973150202 -0.0104807462 0.6141186753 0.5709853485 -0.3381879189 0.2907206903 0.6850175835 0.4034257225 -0.9807742506
