-0.1866236736 -0.4824250328 -0.6840763348 -0.3450616288 0.3470058206 -0.4291538852 -0.2532236759 -0.4506928078 -0.1267949916 0.4035987449 0.0000000000
-0.7699530444 -0.6463436274 -0.4145208379 -0.2784574771 0.3573772707 -0.4218919886 -0.2570312418 -0.4547559459 -0.1301404710 0.4053961180 -1.0000000000
-0.8267924884 -0.1334929427 -0.2655241737 0.8888723201 -0.1839211882 -0.5462121468 -0.4019649135 -0.9941220189 0.3817844120 -0.9382785348 -0.4244488159
0.0906732269 0.8823031102 -0.3455456024 -0.6393181460 0.8895525890 0.7875460029 -0.8302221329 0.1742870882 -0.4722184076 -0.1977067320 0.4496458422
-0.7826084542 -0.1729378920 -0.0922385698 -0.5966417444 0.7208170571 0.1044416502 0.2928796818 -0.0209797778 -0.6119385345 0.5584189725 0.0500840971
-0.3109444596 -0.0796272711 -0.2370378390 0.7024213256 -0.6413326805 0.9863135789 -0.9364668822 -0.0917682352 0.4544893576 -0.7130699972 1.0335620351
-0.2261438477 -0.3923209269 0.1014677346 -0.6134273846 0.5771418677 0.9962240606 0.9839218027 0.2932025227 0.7366228532 -0.1409502082 0.0376737075
-0.0300952926 0.8002049746 0.4557307324 0.6024157966 0.6639707861 -0.3883991641 -0.1266995724 0.1709483022 0.6610613795 -0.2408489149 -0.1473198350
0.9894493160 -0.1424726746 0.8272254283 0.0237312313 0.4972589177 0.2997418304 -0.5152757802 -0.7530703027 0.8730956270 -0.5919633784 0.5350488241
0.0785807538 0.0710478890 -0.5775308778 -0.0756872903 -0.3971704699 0.5242079590 -0.1960619528 -0.7083509949 0.8836608571 0.7816889650 -0.0527524972
