-0.8445826850 0.8983622579 0.4683093135 0.6900165920 0.0285369387 -0.6879268801 0.3505989793 -0.8372682287 0.4088833547 -0.0939452373 0.0000000000
-0.4190219264 0.7137394671 0.3476840372 0.6683577372 0.2884954853 -0.3140586842 0.2680486535 -0.8353917426 0.4168377775 -0.0935587275 -1.0000000000
-0.2362200461 -0.4528989773 -0.5102952717 -0.3800730511 0.0549885489 -0.4864726588 -0.0602332782 -0.5245993488 0.4031581363 0.5897868960 2.1465551590
-0.3558190439 -0.7535500911 -0.9969056277 -0.6267461258 -0.1017670110 0.0260478408 0.8300946096 -0.8573071690 -0.0231629681 -0.9030368416 3.4196939659
-0.5870814275 0.4158979007 0.6928288918 -0.2160149925 -0.6260696617 0.9040606205 0.0687174315 0.7079635073 0.0616824544 -0.0889478411 1.6201944955
0.0577716176 0.2751639077 -0.9573178802 -0.2838059702 -0.0837287824 0.1381808710 0.0535228191 -0.5978855003 -0.3042871524 -0.3477912166 1.5052065589
0.9452070743 0.1032901061 -0.7302165939 -0.9462336869 0.4631684756 0.2550830921 -0.6869370980 0.7523626820 -0.1083817160 0.3771866249 4.6573723709
-0.4117747749 -0.4699079998 0.4287111849 -0.6466826012 0.2854759880 0.9116576403 0.9279995760 -0.2768803200 -0.7687395537 0.5169562605 2.2194929063
-0.7262135523 -0.5518279393 -0.5513857758 -0.2218451476 0.4456632895 0.3702687300 -0.8537593659 0.3801425756 -0.6211352034 0.1212967491 2.8597985631
-0.4279308709 -0.6273345772 0.0407256563 -0.7140145656 -0.1658893036 -0.4990848754 0.2584363490 -0.9927666668 -0.0025457238 0.0333924461 2.0635556622
