-0.7384973862 -0.7713087590 0.2480601647 -0.3793253053 -0.0009368386 -0.6290707120 0.6282228022 -0.5384715591 -0.1085685071 -0.4655164240 0.0000000000
-0.8672200031 -0.1344574110 0.3941367825 -0.3514134012 0.0094753663 -0.6328263114 0.6315145295 -0.5380131286 -0.1125698422 -0.4601974161 -1.0000000000
-0.1331586704 -0.6485550879 -0.9299061626 0.1637516168 0.5489794557 0.2418987076 0.7442693138 -0.0566117412 0.0240916588 -0.6930522293 0.7974187887
0.7776685270 -0.5930536338 0.6642442622 -0.1168331083 -0.6659782417 -0.9070233188 0.1325208145 0.8643919255 -0.9226064025 -0.6514139881 -0.6213761271
0.6977898869 -0.6898991410 -0.6684571663 -0.8227618209 0.9185789594 -0.9547119760 -0.9374777085 -0.4215740806 -0.9298887178 0.7120832584 0.5515145157
-0.3154846514 0.3846050838 0.2261494032 0.8724057616 0.5881904654 0.3011803455 -0.4070752834 0.4133586856 -0.8245659252 0.1686838635 1.4157096811
0.3012204906 -0.5913491983 -0.1988420936 0.5648067033 -0.0707861812 0.8276404383 -0.9104595982 0.5714975184 0.0438901497 0.5208400101 2.7292521812
-0.2318321273 0.6636409317 0.7639443747 0.2051464732 0.1737586640 -0.8410332410 -0.2490766128 -0.7099431866 -0.6679802817 0.6680025952 0.4865115628
-0.0412128765 -0.8605977410 -0.7993265994 0.4954331848 -0.1669099623 -0.4703880719 0.5105789945 0.6916656873 0.7144151526 -0.4386502172 0.6944833491
-0.7331477782 -0.1977868790 0.5135363312 0.3468405173 -0.3373446550 -0.7285975613 0.5972384621 -0.0040632598 0.4675917461 -0.8082917581 -0.4330451232
