0.2073950323 0.4366838484 0.5087179274 0.4252236895 0.7494508356 -0.8839870351 0.1793644355 0.7691500950 0.3840646099 0.2868500142 0.0000000000
0.3963912449 -0.0731255776 0.2342089277 0.6227008075 0.9198644884 -0.8364147745 0.1513124623 0.7547161193 0.3571768067 0.2488406891 -1.0000000000
0.6907283887 0.0317229201 0.0232062178 -0.0229855447 0.7993849536 0.9534645748 0.0075776259 -0.3897289393 -0.9947104392 0.2888141556 3.5066824075
0.3382996263 0.1628021136 -0.2507532039 -0.4461596917 -0.8770197595 -0.6395896562 -0.3379159347 0.5707374718 -0.1515285778 0.5014730865 0.3443376408
0.2838542437 0.9041746594 0.3046621384 0.4360695885 0.8117769312 0.9706770715 -0.9068166345 0.5761504706 -0.5135257580 0.0424780090 1.8700818708
0.2366654220 0.9109794691 -0.9541503192 -0.3221599087 0.1922929524 -0.5513863549 0.3755025644 0.1441365140 -0.2435926068 -0.1161940896 1.0604919294
0.1569822787 0.0569697794 0.0664542078 -0.4704918299 -0.6991001769 -0.2381846589 0.9096802456 0.7155967141 0.6833556300 0.7053713598 1.0615898206
-0.0630056561 -0.9011658060 0.5072643357 0.9983989219 0.0502659024 0.6797728781 -0.4872570550 -0.3795311424 0.1003857700 -0.6474787594 1.4611024797
-0.6525029777 -0.6447758032 -0.6327004536 0.1344467293 -0.7379706222 0.2903843438 0.1753046782 0.0467657219 -0.1602173071 -0.3399998853 1.8775326958
0.5282328193 0.4927938180 -0.4844815648 0.3855915799 0.6627210818 0.3412254640 -0.7133446260 -0.4325455275 -0.9263239736 0.0271915361 2.7320571420
