0.0450819787 -0.8388053627 0.1989789393 -0.7182545991 0.2508680999 0.3804343698 -0.2431645997 -0.1579933904 -0.1470157729 0.2018631490 0.0000000000
-0.4422536380 -0.9234236307 -0.0407589684 -0.6502899680 0.5788585813 0.4250610392 -0.2068667391 -0.0873806553 -0.1491532830 0.0541566719 -1.0000000000
0.2870253087 0.8191954607 0.3767602513 -0.4443603943 0.4469860665 -0.7247054831 0.5128641606 0.5961555540 -0.8205291647 0.0145530273 0.4541976852
-0.9766102737 -0.2346760189 -0.6139233031 0.1347738427 -0.0199405759 -0.2869928869 -0.2777838323 -0.2629249108 0.4450024738 0.8808187261 0.4870222797
0.8245911031 0.6159791330 0.0909843275 0.7063971658 0.5003466927 -0.9298360693 0.1199681424 -0.7142624632 -0.6209535436 0.2193657205 1.3568185661
0.3066180829 0.5405495342 -0.6158385499 0.2770758853 -0.7017278792 -0.0595897844 0.9669756629 0.7260121172 -0.0319029762 -0.8606980367 0.4059785846
0.3159007364 0.0245111869 0.7180970451 0.2914306440 -0.3668810773 -0.2695504971 0.2854389001 -0.9137259945 0.3575045210 -0.9221877749 -0.0361937714
0.3641159820 0.9687805041 0.3659483008 -0.4906263549 0.4604749669 0.3892775673 -0.9408804635 -0.2638592618 0.9612004201 -0.6509359938 0.8571822429
-0.6919707863 0.3399675059 0.9943813390 0.1270641434 -0.1998569117 -0.0742857846 0.2551532309 -0.6839147066 0.2575238403 0.6649101042 -0.1745278819
0.6180385097 -0.7865262899 -0.1561629941 0.2963181165 0.6070126006 0.9938903690 0.5633421108 -0.6248632518 -0.5397234605 -0.6873360686 0.4554765023
