0.0327314872 -0.6965157941 -0.4625856089 0.9971601539 0.5500252460 0.9243773930 -0.2401740786 -0.5417235319 -0.9339416454 0.0182278366 0.0000000000
0.6510774465 -0.8918278327 -0.5193185410 0.9598321299 0.4344139929 0.8867798500 -0.1749205044 -0.5414667636 -0.9279771934 0.0343752664 -1.0000000000
-0.8114497992 -0.7510473640 -0.9382520194 -0.5864496743 -0.3919151056 0.9311242543 -0.4376515538 0.6853532635 -0.2602482333 -0.4876389709 -0.5760290112
0.8094425751 -0.0528305886 0.1897226151 0.5642442258 -0.9880157996 -0.4029997065 0.0819653020 0.1828649852 -0.9906367686 0.8069461588 2.0606814483
0.4463654360 -0.3077601614 0.7572383366 -0.8112894792 0.8022968510 0.6760400538 0.3507350112 0.9217803575 0.0750101513 0.7610516012 3.5108560333
-0.7228371581 -0.9299320331 0.3173486487 -0.3449659219 -0.1163289886 -0.7992636739 -0.9955450859 0.9567299627 0.7012280250 -0.9475410781 3.3166995213
0.5119623825 0.6991315597 0.4909284558 0.9847796493 0.9313164238 -0.4086173594 0.0021367974 0.1051970565 0.9583685816 -0.9843211558 -0.4508678327
-0.0626623118 -0.9236894171 0.7571719088 0.4510272707 0.4812176404 0.0214343789 0.8991665700 0.1137993197 -0.7121286873 0.1926056191 0.8976788690
0.7593050391 -0.8781607371 -0.1946676221 0.9651571445 -0.2940831040 0.7288102741 0.4105269287 0.4441716358 0.4193449218 0.7084304243 -0.4866628862
-0.7765437683 -0.0746988600 -0.3760245902 0.8541752048 0.0167901623 0.8886968452 -0.6663666450 -0.6144795162 0.2206644983 -0.6386986817 -0.5722942472
