0.2680772573 0.3403187233 -0.5113331002 0.6947867572 -0.0843238735 0.1349646438 0.5409756876 -0.7494521754 -0.3890004222 -0.6810476033 0.0000000000
0.9026991285 0.4491333583 -0.6750520288 0.7412744639 -0.0840484359 0.1207590547 0.5599069169 -0.7333586212 -0.3973251754 -0.6833632492 -1.0000000000
0.7912436199 -0.4563956176 0.9667327268 -0.3915584057 -0.7519467722 -0.2773066213 0.7044895708 -0.2887087437 -0.7046989117 0.3285046300 -0.0415107883
-0.6570164795 0.7371090217 0.3963874958 -0.5890083101 -0.7583137585 -0.0080004025 0.7537496472 -0.8018983864 -0.8419380517 -0.8383592858 0.7033346933
-0.5290160670 -0.1882667208 0.9400675289 -0.4576781157 0.1823414284 0.5758489984 -0.0305687725 -0.2049585082 0.6225823121 -0.1129402781 2.2340098926
0.2507120923 -0.1312779803 0.3103410208 0.2548962677 0.2083722060 -0.8769668061 -0.1482956097 0.7193266587 -0.0340054681 0.4448906675 1.1260875436
0.4990610190 -0.9136835077 -0.7310182852 0.8288259477 0.5130191527 0.6506883567 -0.0265664273 0.9275632486 0.9459723019 0.0751657035 1.5705788945
-0.6838821714 0.1391220525 0.5333210114 0.7559522708 -0.5876250094 0.4885707442 -0.9462647032 0.6038109861 -0.1598486484 -0.2678276713 1.3564572930
-0.9851767746 0.7649813242 -0.3399123144 0.0607398381 -0.3951783766 -0.7917257494 0.1020089121 -0.4626475560 0.8562328392 -0.6971211924 0.1756236588
-0.1175475330 -0.7307212609 -0.5330802171 0.4613561692 -0.4554252552 -0.7273855934 -0.5440908562 0.8192663837 -0.4635980629 -0.7672810854 0.4413415267
