-0.7630627871 0.4230346885 -0.2356791585 0.3985094346 0.9401497960 0.0366624572 0.9952765775 -0.8422603816 -0.0767592150 0.7791355754 0.0000000000
-0.1064661283 0.4152135225 -0.2945675465 0.4967414189 0.9487524478 0.0281836613 0.9947876912 -0.8429621423 -0.0764981832 0.7793959586 -1.0000000000
0.3945716656 -0.0387343454 0.3645851122 0.5410807803 -0.2879267740 0.1624352895 0.2312081672 0.6183215920 -0.2059360244 -0.7984217704 2.1278079315
-0.0297101107 -0.1406909806 0.9762300114 -0.6389596703 0.0390951989 0.0181255185 -0.3802170637 -0.6343341692 0.5705897035 -0.2066436262 1.5719371574
-0.2846779255 -0.7572759380 0.0432110834 -0.2713655112 0.2160112720 0.0071469865 0.4794568559 0.2818044944 -0.5989240686 0.4141539386 0.0904365798
-0.6375344500 0.2238635326 -0.8353715645 -0.6201367431 0.9935804544 -0.0603336837 0.2308371938 0.6150378884 0.1158818362 0.3849123531 0.8704762312
-0.1511083316 -0.1147746504 -0.6032937003 0.8044873993 0.9543385200 0.1034946246 -0.0179652596 -0.5307598935 -0.6750892469 0.3555071707 0.1082573397
0.3469232591 -0.3257426147 -0.6740578713 0.0258035148 -0.8042058965 -0.9465066993 0.1264260802 -0.7690998432 -0.1088927209 0.2433932523 2.0180710037
-0.7645735032 -0.3992228216 0.4135490084 0.4665964957 -0.9712828172 -0.2250529240 0.4376721787 0.0019678632 0.1604965563 0.2579060126 1.3657124389
-0.7272827988 0.6257996055 0.4066059692 0.4690378066 0.6809404357 0.0603806902 -0.7797275501 0.6274984145 -0.7824242521 0.9507457800 0.2296574036
