0.7758962444 -0.3486817087 -0.1047311473 -0.9665170974 0.6465127317 0.9178573756 0.3765813877 -0.5317584978 -0.5086168579 0.2609353885 0.0000000000
0.5382397075 0.2741470112 -0.1050477265 -0.9684320596 0.6408792436 0.9199535101 0.3741982197 -0.5330209265 -0.5075913354 0.2610054846 -1.0000000000
-0.0905838312 0.9523160816 0.7156809919 -0.4003031501 0.7079521050 0.3998557322 0.2820948693 0.9560517101 -0.5144249300 0.4393387425 1.6782463427
0.4344939997 0.8571414139 -0.2666403928 0.6310798407 -0.4595691959 -0.7169565959 -0.9483523563 0.3008185202 -0.6730490735 -0.6699927372 4.7538552883
-0.6549488089 -0.4144485629 -0.0337131027 0.4181486570 0.1090529076 -0.8652842211 0.0887045090 -0.7795795735 0.7038673445 0.7272336068 2.5758083678
0.0714528314 -0.2762862773 0.4620819901 0.2975785437 -0.8777255089 -0.2599486338 -0.0516167868 -0.0970044445 0.0442521979 -0.0930331425 1.2993815495
0.4453136861 -0.7440519384 -0.9066242181 0.3488694575 0.0935858439 -0.4024675894 0.7725680677 -0.5173002467 -0.7123673905 0.4060800097 -0.8636683467
-0.2321404816 0.6847697236 0.9476926997 0.5476841187 0.0206903411 0.3304564733 0.1706159953 0.9934587490 0.5052128551 -0.6402158378 3.5700461334
-0.2917866328 0.8301614836 -0.1771976035 -0.4803900904 -0.2639028600 0.7960793712 -0.0612980639 -0.6979764325 0.0262688394 -0.6318490426 0.4445755254
0.3135933712 -0.2944431592 -0.7382122728 0.2469639341 0.3427189462 -0.3975679933 -0.7889922954 0.1984977169 0.2844635349 -0.2540943734 1.5015290944
