-0.0154930651 0.8373819249 0.7767565551 0.6549675103 -0.9035798258 -0.8500001480 -0.5426983055 -0.2869862068 -0.3999395079 0.4462955087 0.0000000000
0.2423727304 0.2550187589 0.6065479812 0.5678264157 -0.9496265553 -0.8585904883 -0.5361862589 -0.2867881006 -0.3987145700 0.4468195808 -1.0000000000
-0.7527950801 -0.4519083004 -0.5340077868 -0.9053317764 0.4365031121 -0.1971337021 -0.1254197256 -0.7984538767 -0.0207584559 0.4145528079 2.7640658759
0.8176390127 0.5306175844 0.6708932119 0.6663687671 0.0224189157 0.2922931464 -0.3129967046 -0.4717956588 0.9688494428 -0.2616576369 1.0781643356
-0.5345840944 0.1460287773 0.0824051890 0.8272817752 0.2246414523 -0.5153270452 0.2798087543 -0.9384779200 -0.1238344175 0.3880244841 -0.7279631069
0.5715884946 0.9808048225 0.6665533655 0.0702627992 0.9323603802 0.0421124492 -0.0695887400 -0.2120688681 0.7151297240 0.5032943605 1.9463156260
0.3198664915 0.1150761060 -0.8240982171 -0.1626027158 -0.4008079430 0.2630509739 0.6519400353 -0.4812775998 -0.7988614686 0.9527465254 1.7770838527
-0.0817901035 -0.4790864515 0.1172686809 0.7854869849 -0.9136976112 0.8056656610 0.9096586514 -0.5755259429 0.0432916836 -0.2597866608 2.1596692423
0.4386148781 -0.5521081909 0.3772246549 -0.9932869313 0.1825052087 0.4382204387 0.9742981983 -0.2046784230 -0.0042887859 -0.2878983380 2.8704512022
-0.9496799095 -0.9311488755 -0.4229446919 -0.5089281937 0.2889340825 0.8856897241 0.7432258735 -0.0809668212 0.8065368583 0.7287092289 6.7075298141
