Gradients and Hessian matrix at the point with coordinates:
   x = ( 0.000000 0.000000 0.000000 0.000000 0.000000 0.000000 0.000000 0.000000 0.000000 0.000000 )


Vector of gradient of the D-type function number 9:
  grad D(x) = ( 1.726669 -0.700469 0.426858 -0.514011 1.498429 -0.420522 0.056427 1.747230 -1.144198 -0.949402 )

Vector of gradient of the D2-type function number 9:
  grad D2(x) = ( 1.726669 -0.700469 0.426858 -0.514011 1.498429 -0.420522 0.056427 1.747230 -1.144198 -0.949402 )

Hessian matrix of the D2-type function number 9:
 2.000000  0.000000  0.000000  0.000000  0.000000  0.000000  0.000000  0.000000  0.000000  0.000000 
 0.000000  2.000000  0.000000  0.000000  0.000000  0.000000  0.000000  0.000000  0.000000  0.000000 
 0.000000  0.000000  2.000000  0.000000  0.000000  0.000000  0.000000  0.000000  0.000000  0.000000 
 0.000000  0.000000  0.000000  2.000000  0.000000  0.000000  0.000000  0.000000  0.000000  0.000000 
 0.000000  0.000000  0.000000  0.000000  2.000000  0.000000  0.000000  0.000000  0.000000  0.000000 
 0.000000  0.000000  0.000000  0.000000  0.000000  2.000000  0.000000  0.000000  0.000000  0.000000 
 0.000000  0.000000  0.000000  0.000000  0.000000  0.000000  2.000000  0.000000  0.000000  0.000000 
 0.000000  0.000000  0.000000  0.000000  0.000000  0.000000  0.000000  2.000000  0.000000  0.000000 
 0.000000  0.000000  0.000000  0.000000  0.000000  0.000000  0.000000  0.000000  2.000000  0.000000 
 0.000000  0.000000  0.000000  0.000000  0.000000  0.000000  0.000000  0.000000  0.000000  2.000000 
