-0.1458753045 0.9107442059 0.4484940670 0.1617834247 0.0805158148 0.4108823831 -0.9899422334 0.5650315577 0.8537191468 -0.9834086852 8.5595124048 
0.6492566853 0.5346717361 0.9942737907 -0.5446938559 0.8390844124 0.2839986110 -0.7893596340 -0.4636781726 0.5276875291 0.6110203112 6.3621602324 
-0.7914940048 -0.0604824474 -0.5618762182 0.8454158131 -0.3593547360 0.7150876176 -0.4803066647 0.7561258854 -0.6234647663 0.5183876747 9.2696364106 
-0.9366213998 0.2846783142 0.1337418255 -0.2471809091 -0.5749032411 0.5843136791 -0.7091130398 -0.0217150992 -0.9743085063 -0.6267759504 7.4123507488 
-0.0295390861 0.6764521534 -0.7178860628 0.4644339748 0.3821338320 -0.9310147604 -0.0222854728 0.9427808203 -0.7750972413 0.4864275484 11.3082549732 
0.2770827427 0.1883658259 -0.0027549745 0.1357053186 -0.1469914973 -0.8475211153 -0.4188266931 0.1226700946 0.2666669366 0.8615517181 8.3467364976 
0.9555383154 -0.8128069080 0.3234698888 0.2055457990 -0.0523642736 -0.2874873150 -0.0488431167 0.3420440366 0.9192903940 -0.8218314690 6.7133286431 
0.5954849197 0.1815514923 0.8243935085 -0.7977413622 -0.4134107141 -0.8968235892 0.0082563612 0.5367515038 -0.4340292476 -0.5492795084 5.4140529968 
-0.3374207147 -0.0934972972 0.4747692764 0.0197713094 -0.2349716163 0.8109664337 0.9305154979 0.2565347051 -0.7359376599 0.2366035567 7.1189507123 
-0.2339597919 0.9823874951 -0.4263454305 0.4123828592 0.0704117950 -0.6135779228 0.3788702018 -0.8990899937 -0.6311317686 -0.9086833530 15.5420619602 
0.7700830041 0.6795887716 -0.7636895097 -0.1791702926 -0.7595428200 0.1441850445 0.8987802693 -0.4872296804 0.9797308703 -0.3003839179 15.0067821853 
-0.5829552522 0.3316543201 0.9466894134 0.2453996431 -0.8729242149 -0.2529809335 -0.6674969291 -0.5374438438 -0.8955827334 0.8035126334 9.9311625565 
0.5865833998 -0.2539713503 0.6641094108 0.5076691132 0.2437261945 -0.2118136383 -0.2814440771 -0.8222950782 -0.3166459927 0.0973411881 7.0330232047 
-0.0789050778 0.2909047469 0.0270416825 0.6288529371 -0.8056335880 -0.0725728787 0.1796349792 -0.6256558589 0.2226602933 -0.8961160373 12.0365771752 
0.1514538969 0.6846894037 -0.0005480528 -0.1219502247 -0.7018858335 -0.9434410982 0.5133395760 0.5922124719 -0.4128888112 -0.7695865080 10.5402732000 
-0.2498167380 0.6577874901 0.6835531639 0.3304769031 0.9202799518 0.8862357844 -0.7746010152 0.2965748985 -0.0383918966 -0.8669586161 6.8250952594 
0.7955424511 -0.0055397421 0.5426068577 -0.8792755412 -0.4750850702 0.3021387374 -0.7327921791 0.2770914736 -0.2301138101 0.5313962513 2.5781497325 
0.3058313643 -0.2370218694 -0.3999628345 -0.3197208890 0.8378530734 -0.0874663734 -0.1150060948 -0.0916283608 0.8905640184 -0.5617620949 7.7463010672 
0.7648055919 -0.9602491544 -0.3164702335 0.5320548914 -0.3143925970 0.2376128083 -0.0939576758 -0.9796747947 0.1981623349 0.2031366967 9.3306972816 
0.2988349019 -0.3145587348 -0.0134014889 0.4035478905 0.7756052029 -0.8898843077 -0.8032760989 0.2995655709 0.5281417825 0.9759178832 8.6211011296 
-0.7493504172 -0.2710456496 0.3524601806 -0.2484836576 0.7269169829 -0.4160464980 -0.7330500188 0.3453010289 -0.5948300383 0.7370303964 5.7916167076 
0.5023146438 -0.1612407000 -0.9995378696 -0.7010725353 -0.4523313969 0.7448500379 0.2025022878 -0.3576230943 -0.4314138511 -0.1293683884 7.7860099897 
0.8075181024 0.8502112900 0.0105849044 0.2551636185 0.4385278536 -0.9521742373 0.1498650040 -0.9069310719 -0.1549372235 -0.0645314774 12.7009707336 
-0.9547440265 -0.8698519151 0.8479126715 0.0682857279 -0.2664070620 -0.2721076409 -0.6972526683 -0.7007828027 -0.2983958167 -0.3280678087 8.0371565815 
0.5680556925 -0.0265215767 -0.0704039743 -0.7374948968 0.7727829418 0.3491148513 0.6703192760 0.3129758698 0.9678339530 0.9595797438 8.4504426870 
-0.4996939728 0.2491414071 0.4564848463 -0.0036593695 0.6996565899 -0.6181635928 -0.7517124256 -0.9944191573 -0.6940944200 0.0683216493 9.6093860833 
0.0212672103 -0.2295682402 -0.3788070926 -0.9928891051 0.6304848906 0.2768369163 -0.1033212386 -0.5118284595 0.6067701720 0.6479417745 7.6034797486 
0.7043812988 -0.0654964891 0.9413979464 0.6824880300 -0.8429035873 -0.5248022247 0.6351417625 -0.1883425704 -0.0673755587 0.9030724362 10.8926094554 
0.9300106117 0.5305697336 0.1490671803 0.8318500509 -0.0091351824 -0.6679752458 -0.3480046601 -0.4071277880 0.1165969831 -0.8650463939 10.9492355210 
-0.8620443076 -0.6664308354 0.8948765253 0.6221768352 0.4209113860 0.9404911234 0.9968535787 0.9749096135 -0.6998268440 0.9169576089 9.6919181293 
0.0609180985 -0.8518269652 -0.3763581922 0.7903415600 0.6695366232 -0.9953024886 0.2804196923 0.6063651502 -0.5097384896 -0.8717555365 10.2519133121 
-0.4737033613 -0.7945592775 -0.0325619503 -0.1622310747 -0.2374219839 0.7735302300 -0.1588849703 -0.4323042620 -0.9036377120 -0.5616680349 6.0777469669 
-0.5216479718 -0.9414830259 0.4046218367 -0.9847288905 0.2218413606 -0.1838209251 -0.5021066504 0.3049194483 -0.3594458233 -0.7926557510 3.7709447548 
0.0711297890 -0.6702595150 0.7668774047 0.3329140241 0.6954849838 0.5253221274 0.6140275492 0.2659048873 0.4208546157 0.3773270782 6.3118376570 
-0.3581042777 0.0632969890 0.7463879152 -0.8909206522 0.0008015510 -0.1344735709 0.8085649833 0.2603667029 0.9660724442 0.1704006790 8.7309508080 
0.6812730352 -0.0623724388 0.0904446594 -0.6417917581 0.2689233935 0.9259175507 0.0680275029 -0.0407714954 0.5873321661 -0.8145725623 5.3724485327 
0.7615990857 -0.9922529290 0.0230581844 0.3569272686 0.1314952937 -0.0430827065 -0.3589743117 0.2031595969 0.8263054847 0.3650356334 6.0639656848 
0.8934669422 -0.8018219827 0.0220578483 -0.7797433196 0.0905237547 0.3775717979 -0.7051660233 0.5551220752 -0.2018975338 0.7965998964 2.0505481214 
-0.3859122521 -0.8778977075 -0.5610577111 -0.8343341259 0.9007906703 -0.9672586783 -0.7706631336 -0.9751801081 -0.5675453414 -0.9771449424 11.1482513815 
0.2848985312 0.0339818791 -0.5089157112 -0.6125053199 -0.8182588437 -0.2631166692 -0.9844141787 0.2054026384 -0.0422905119 -0.3837646223 6.1994941028 
0.4888888953 0.6786985551 -0.4751361595 0.0284761226 -0.1064517448 -0.3175777089 0.6782836103 0.9649850030 0.2529290021 -0.6374496588 9.9971912916 
-0.7539659663 0.1599374193 -0.3429283931 -0.4636272547 0.1004782076 -0.6389662077 0.3569837388 -0.8886230195 -0.9318856310 -0.4269630905 12.1248411641 
-0.8452199059 0.8011445805 0.6932118941 -0.2086030548 -0.6615694694 -0.1390953733 -0.1675637262 0.4575269665 -0.1870526422 0.9036149141 9.3060124116 
0.8239700418 0.9028286330 -0.3079975944 -0.4195115824 0.7734015257 -0.5799384066 -0.7382469045 0.0410317747 0.8109254995 -0.1949395288 9.5841876616 
-0.5684774957 -0.8425210335 0.8661197235 0.2057431219 -0.2450156536 0.3298628824 0.5843805289 -0.3330157402 0.3853177287 -0.5923686457 8.5292458206 
0.9174271918 0.4236649128 -0.6661868158 -0.1144456538 0.2659871367 0.8599343432 0.0586619388 0.2529488479 0.3616378455 0.8463950463 8.0427061684 
-0.6943317155 -0.1885584126 -0.3750480023 0.3877979167 0.7813757468 -0.0186580674 0.6116470188 -0.3471221814 0.0997582903 -0.2224313302 11.1629532373 
0.7936580145 0.3522401620 0.6567938967 -0.7798223045 -0.4415453309 0.5352723314 -0.5678868079 -0.9318757437 -0.1268962045 0.8737274208 6.9208068584 
-0.4758220744 0.1394909997 -0.2808939102 -0.9463227421 0.0008383845 0.6540298152 -0.4820351590 -0.9082299867 -0.5070567918 0.3214642893 7.8048446602 
-0.3411806178 0.3189924951 -0.9739917515 0.4361357134 -0.2177623757 -0.9329894807 -0.1879691950 0.4326152736 0.8426728296 0.9680314865 14.7297945818 
0.9668417456 0.7926121860 0.7314064192 0.6019219444 0.1099577030 -0.1622557050 -0.7457549868 0.3092414862 0.7279298241 -0.4508031303 8.2952703190 
0.6803278748 -0.8584895115 -0.2424158499 -0.4636611323 -0.6941576424 0.2619991598 -0.3672503675 0.9182237051 -0.0026520215 0.4772170335 3.5822958257 
-0.9744886622 0.2107063770 0.1529026429 0.6147576418 0.3099361230 0.7564567903 0.8047458509 -0.6955342867 -0.6148398264 0.5819512973 13.1633396435 
-0.8785897916 -0.2203456151 -0.4000682915 0.4683598132 -0.7915814925 0.5851509751 0.5654578855 0.0647953864 -0.4932953164 -0.8580908300 11.4711894479 
0.2516066623 -0.9506370597 -0.8759150150 -0.7407760354 -0.0987718554 0.3446716878 0.7122216670 -0.0031091515 -0.9024309919 -0.3723352803 7.4642355923 
0.2832623354 0.5727732872 -0.4216990136 -0.0042639786 0.6368692320 0.1902565851 0.0728492178 -0.3382537188 -0.1766195475 0.5880124814 8.5346032706 
-0.3135835590 -0.0747865281 -0.2643526644 0.3591412392 0.1355580637 0.3035536923 -0.0177725034 -0.2030835302 -0.0450315820 -0.8668247541 8.0358783340 
-0.1779430256 0.9381839169 0.5614420618 0.4580357774 0.5313012320 0.5131616077 0.6865406341 0.5403136999 0.9573218575 -0.7772811149 11.8713046123 
-0.2078461176 -0.0158786983 -0.4838107634 -0.9260675574 0.9487626461 0.4528519580 -0.7040703392 -0.7042108853 0.4096481982 -0.2380129552 7.8937281706 
-0.8471771117 -0.1783193139 -0.7140188918 0.5978402411 0.8604963263 -0.9905610442 0.3000811628 0.3570649221 -0.4927543164 0.6863618257 13.4828766197 
-0.4120824516 -0.9462792317 -0.8133856742 0.5957699446 0.4228052524 0.5668135677 0.2478452880 0.6508309201 -0.9299548298 -0.1890500554 8.2184505720 
-0.5006624894 -0.0382063167 0.7616782549 -0.4386303648 0.1982850186 -0.9475477227 -0.6896026675 0.6678217414 -0.6102132655 0.6595760702 5.8007658943 
-0.3238502819 0.3422330991 -0.8952673619 0.4686181328 -0.0010364444 0.8865998749 -0.4204551673 -0.2468791460 -0.7724892767 0.9297014145 10.6400961004 
-0.1349768656 -0.8308735980 0.4333528252 0.0135747591 -0.3438245175 0.5070482822 0.6720116492 -0.4925672954 0.0688500336 -0.1296695341 7.3457235144 
-0.6845917086 0.2009624073 0.8749015201 -0.7844828424 0.7999628695 0.1009299824 -0.1452866264 -0.6952383393 -0.5049079950 -0.1052624126 7.1401002197 
0.0655668754 -0.2906977314 0.5462296245 0.7633622849 0.4681841870 -0.1871355873 0.2083574912 0.2822101033 -0.7450663280 -0.0076160061 6.3352009262 
-0.3790612890 0.1571489278 0.8872178741 -0.1461207814 -0.9337431177 0.8588677576 0.8499645027 -0.2833861609 -0.4800217674 0.5737192912 9.4744859152 
0.0231644868 0.1250543068 0.3695875283 -0.8152068093 0.7451579341 0.8858757604 -0.8068115268 0.6917650104 0.8187912297 -0.9773177189 4.9497424244 
0.0473654075 0.3006905473 -0.2297092986 0.2986040989 0.5257069595 0.1513719628 0.2638382974 -0.4435919922 0.6796728456 -0.1463300875 9.9608422018 
0.2632447567 0.6669339630 -0.4596290728 -0.1983985277 0.1085091848 -0.1122692863 -0.8192317559 0.4887626200 -0.9347691014 -0.1405149131 6.0193571993 
-0.9254754411 0.9515955061 0.0446798160 0.8192599572 -0.2335041573 0.7689044738 -0.4899647813 0.8180996839 0.7891208895 -0.2029656780 12.2591725342 
0.2500400037 0.1351945724 0.7890237709 -0.5716683923 -0.9922816823 0.7611629221 -0.5297567299 -0.5102707553 0.2818340703 -0.3909510376 6.1881674705 
0.6512416238 0.7673774219 0.8907459160 -0.2184093232 0.6026401294 -0.6857734240 0.2503307936 0.3979707055 -0.8282621338 0.0623591456 6.9294168432 
0.7771330443 -0.4726679836 -0.5304289494 0.6793144554 -0.0089199405 -0.6952672672 -0.5384636884 0.3159079142 0.1258967625 -0.4163425247 8.0031064391 
0.2446099694 0.4318108166 -0.4385379318 -0.1754536829 -0.2755885732 0.5627840440 -0.7290256974 0.8041390291 -0.4207278282 -0.0008841478 4.7268783093 
0.5671807764 0.3541241254 -0.7003765400 0.3932389592 -0.7419739138 0.8918925748 0.7728236985 0.0300092259 0.3588174919 0.9535867157 12.5694291410 
-0.7490792867 0.5044861025 0.6541038189 0.5628606538 -0.6182346665 -0.1427173188 -0.9710865058 -0.3494290226 -0.7305959427 -0.0989650758 9.6356578621 
0.1445498604 0.5840465640 -0.1605267800 0.0650730887 0.8514087841 0.7981636755 0.0896667969 0.8022479003 -0.8963465822 0.6172050374 6.5220789181 
-0.3301908412 -0.5426337655 0.6448036153 -0.3035308420 -0.6690588093 -0.9437328640 0.9107395306 0.3605814234 0.7211242294 0.8781870307 11.5002851301 
0.3603879289 0.8348474969 -0.4866166582 0.7712362689 0.8400855802 -0.3998731199 -0.8532181066 0.5347974699 -0.8300955683 0.4575281592 9.9089911952 
-0.1042207128 0.3024973264 -0.6609962588 0.0628984827 0.2676017164 -0.9718079916 -0.0592573295 0.7726519423 -0.7719431286 -0.1149176967 9.0632633164 
0.3190957763 -0.4104540595 0.9007368030 0.3885724951 -0.5863869460 0.1095246519 0.7585569690 0.1157153814 0.5046681203 0.7898015845 8.6176066891 
0.6836883461 -0.7382866347 -0.6216921323 -0.6927203382 -0.9421958687 -0.9818302030 0.1929034839 0.2180986488 0.8378468640 0.4671488867 10.7364414911 
-0.3977060958 -0.0088510419 -0.4836739530 0.4657087278 -0.7664784979 0.4920831265 0.6195782142 0.4904673624 -0.3257133718 0.1686499609 9.7152475793 
-0.0620957901 -0.8254699311 0.6574348523 0.3718894169 -0.4653498898 0.9389671292 -0.6324515947 -0.4001181541 -0.1776302186 -0.5270216258 5.3441662240 
-0.6098893546 0.4107585593 -0.6389034927 0.0446658358 -0.4076563534 -0.0744362234 0.8504648334 -0.5682217154 -0.9979822430 0.8132124862 14.2093986022 
0.3600838913 0.0299036107 0.0441377622 -0.7941628416 0.9937609764 -0.2820623613 0.2504851976 -0.2132669575 -0.9846751090 0.0905698681 6.0731763669 
0.0182207489 -0.5064421594 -0.9092094507 0.6834594895 -0.9035001648 -0.3673590050 0.5668388609 0.9448001194 0.1729281615 0.5560876986 12.1798253477 
0.4553948874 0.3019735943 0.3292300403 0.8775596010 0.0701625314 -0.2031197632 0.3409153229 -0.1189310564 -0.7342521104 -0.1215925041 8.6670844679 
0.0952854845 -0.2097272483 -0.2034560109 0.5026973023 0.0447006921 -0.0191339327 -0.8226421309 -0.4982967338 -0.1048819544 0.2759217922 7.1799950572 
0.4188905830 0.9852396186 0.8643897402 -0.8155410072 0.9070799457 -0.6744086824 0.9409101745 0.1940133305 -0.5195457618 -0.8594096770 10.4623920390 
-0.3999175698 0.6270896478 -0.8465802516 -0.2910538091 -0.7359782512 -0.6836407393 -0.8757058968 0.4036869578 -0.8270366058 0.2335744791 10.3658764874 
-0.6524568336 0.3028021295 -0.0026071880 -0.4309786229 0.6611194775 0.6367197650 0.8763388075 -0.9993478073 0.2807784493 -0.9852886144 13.1712079324 
-0.7871577866 -0.7864111735 -0.2657819123 -0.5207845988 -0.3077195966 -0.5007603292 -0.2258713717 -0.1579232591 0.2801545783 0.5751059459 8.4745422689 
-0.4600111528 0.6879647215 0.4809367604 0.6522038978 -0.6356155053 -0.8691276345 0.2207005242 0.4031056186 -0.7767645745 -0.8083525351 11.9875628770 
0.1956675446 0.6244652207 0.6291563481 -0.8211260697 0.4625574107 0.8077131524 -0.0955364256 -0.8586246473 -0.5174436899 0.4637301196 6.9301036871 
-0.9190167687 -0.1509544743 0.0804301741 0.9076556758 -0.5821885160 -0.7673358076 0.2924401358 -0.7831778204 0.9669938484 -0.5033119231 17.2649844013 
0.2127114403 0.6333905456 0.6601084252 -0.0219213351 0.5214565122 0.8302158707 0.8019499125 -0.5715249799 0.0941222120 0.5694189620 9.6527265005 
-0.6111178115 0.4937783040 -0.0488835511 0.1665171625 -0.4789038363 -0.8303550807 -0.4037342976 0.8342587178 -0.0589636145 -0.4610648935 9.3630807002 
0.5259409539 0.5443442104 -0.9574007518 0.7599723850 0.5963403683 -0.3516695229 0.3380888333 -0.4074122733 0.8599040874 -0.4360791302 15.2287172291 
