0.0531772881 0.7114637559 -0.8268378670 0.1766896799 0.5690201825 -0.5950808778 0.9519055688 0.7493896757 -0.7558089681 -0.3517504283 11.1643004130 
-0.3628466096 0.2294829400 -0.7534208033 -0.5404710887 0.6358492403 0.6692060090 0.0412492672 0.8625597761 -0.7313687885 -0.4977213680 9.5852080719 
-0.6172622445 -0.6998407007 0.1726906776 -0.3785151372 -0.4242581740 0.4141819788 0.1588517807 -0.0443847510 -0.2500139998 0.3074807769 6.8362132473 
-0.3888261469 0.4426498875 0.1403540076 0.5343777895 -0.6000436753 0.6215154246 -0.0718277519 0.3560899279 0.6784299805 -0.9750368478 7.3561952104 
0.7196125613 -0.6010595806 0.6175306617 -0.5118523913 -0.7413187769 0.7538274696 -0.1054425028 -0.2808704512 0.7825908720 -0.0852361257 4.8408169618 
0.9313031280 0.4228223728 0.9894055264 0.3831647203 0.7599874331 0.8287774322 -0.4832667286 0.0887692830 0.6185381007 -0.1581947703 4.8891012982 
0.9682492260 -0.4460382540 -0.9749321300 0.1632220489 -0.8467474769 0.3150965773 0.2198504663 0.8385679932 0.9113981639 -0.2078386515 8.9474330104 
-0.2140491332 -0.1787193356 0.7231427748 -0.4018645725 -0.4902636199 0.3285073742 -0.6816866333 -0.0135635805 -0.0489014497 -0.2420555311 3.6934530021 
-0.7795529961 0.4345085926 0.6610512668 -0.6043377567 0.9553346016 0.7935122188 0.8489375859 -0.9670290607 0.4120019212 0.2980171998 8.4399735830 
0.3994604476 0.3375951751 0.9621294224 -0.4948151698 0.0486248397 0.6011315027 -0.1115233518 0.7744121462 -0.3791354215 -0.6024997726 4.8749314903 
0.1632775057 -0.5795254053 -0.7270115566 0.9164043850 -0.3742146356 -0.3908835127 0.3842319268 0.3643813748 0.0902090647 -0.7271870968 11.4297963158 
0.3939820793 0.1868371062 -0.2675433387 0.4745054172 0.1486111913 -0.7096644707 0.4019522933 -0.0344632570 -0.0924894836 0.2730032545 6.0949420541 
-0.0401514180 -0.3026613452 -0.0748016383 -0.3271725515 -0.3112620746 0.6509093293 0.0585891240 -0.5365105508 -0.7829321348 0.9848820759 7.2425207038 
0.6086818794 -0.1744075803 0.8190144601 -0.2605716971 0.2461179057 0.7442019167 -0.3497341346 -0.2904950922 -0.4117037002 -0.6401172797 6.0456377479 
0.9194510240 -0.6954595476 -0.8780439354 0.3841480754 -0.2082767833 0.8287557072 0.6004913119 -0.7496335883 -0.2668923404 -0.8992670923 14.1985638744 
0.8413217804 -0.1074407568 -0.1260794706 0.2385944384 -0.5277934805 0.9223700217 0.0351566455 0.5473998752 -0.4269035670 0.1415691565 7.0999172616 
0.2605251502 -0.2088215197 0.7522925574 0.3686840191 0.1040063554 0.7744069439 0.5344933028 0.4072655005 -0.1161591646 0.1946707038 6.7476107725 
0.1025006427 -0.4754052335 0.0992411380 0.0515676813 -0.1080901143 0.0008310548 -0.1338647435 -0.6672763415 -0.0926119945 0.5866776331 5.2527801774 
-0.7452611618 0.8965985673 -0.8397293808 -0.9117472926 0.2879968604 -0.3113757215 0.2891736261 0.2892764255 0.6600165492 0.1255260724 5.6152593861 
-0.9758180087 0.4542060949 0.5381040065 0.4830978709 -0.2502937116 -0.9823205193 -0.6367752703 0.7309708980 0.7679204783 0.3643518953 5.2612315623 
-0.0351271143 0.1469708622 0.4861161811 -0.5883744598 0.0568707253 0.1645152046 0.7988328546 0.3544150873 0.9968382048 0.4863492684 3.8044144941 
-0.6956732056 0.5011153342 -0.1899260808 0.0920052761 0.4252587931 0.9989469953 -0.4734416265 0.2796203578 0.7343137245 0.3519552427 5.4443059527 
0.7667260133 -0.9935555485 -0.7534828193 -0.9342708409 0.6586624340 -0.2362748562 0.0700807623 -0.2192884836 0.7231103184 0.8992649286 7.4573636796 
-0.2497437909 0.0940824147 -0.1475158776 0.9246161708 0.8683165707 0.8525589192 -0.3475866202 -0.3314655607 -0.4390958070 -0.4233895749 10.5629050829 
-0.6402562781 -0.5108769010 0.6920607633 -0.4965417193 0.5041886199 0.8275288178 -0.7764878165 -0.7119633176 -0.2127289585 -0.1880340674 7.3076239479 
-0.0148339622 0.9853616147 0.4494709274 0.1329320476 0.8764509515 -0.7825835004 0.2942275542 -0.0832910184 0.3210443767 -0.5196027671 5.5856546218 
0.9334777683 0.3775562097 0.5554839197 -0.8600231160 -0.8929823344 -0.7957995082 -0.6475280950 -0.7963146915 -0.4416312811 -0.4273094509 4.8119732172 
-0.6158039332 0.7506026275 -0.8298570932 -0.1211199923 -0.1780788524 -0.1547068112 -0.4707906621 -0.0219909787 0.9610353510 -0.6822936682 6.1193599331 
-0.8651194483 -0.4075645777 0.1346290827 -0.4177417037 -0.1858605683 0.0615070007 -0.8329839677 -0.5939414572 -0.9554834633 -0.0126265993 8.0881252103 
-0.1033403215 0.2414946779 -0.9455432759 -0.4153506217 0.1223414534 0.0471408850 -0.5686203587 0.7426194238 -0.7695946824 -0.5376158476 8.0207947533 
-0.6207633002 -0.5443413304 -0.3712711792 0.2098419436 -0.1576271085 -0.5969153881 -0.7070204003 0.8236925366 -0.1028411864 0.5966628803 7.0367785406 
-0.2465264939 0.7074254400 -0.7767500761 -0.2802885789 0.0161347240 0.0975175073 0.3115436732 -0.7510956790 0.3129647018 -0.9886438598 8.2018569682 
-0.5125106070 -0.5964346477 -0.8791143856 -0.2045014233 -0.8452354328 -0.3397797369 -0.7029329478 -0.8504136956 -0.1695549158 -0.2758354219 9.4091846529 
-0.7675258472 0.8912696996 0.2359801895 -0.2379277063 0.5178127465 0.8062001563 0.2663561946 0.6378929370 -0.2821734236 0.9677569254 6.4147838491 
0.9279103035 0.5953455503 0.2384526099 0.7748442420 0.0576128555 0.2014428586 0.9894981436 0.6508501544 0.3164123047 -0.1805806254 7.8771943896 
0.5792370239 0.8499631716 -0.9210097611 -0.6968326732 -0.4584958830 0.3375480445 0.9850940009 0.0919424443 0.4854710658 0.6842705105 6.4534964603 
-0.3652389773 -0.8339832511 0.9195279158 0.0184825912 -0.4780591237 0.4815840738 -0.8335729655 -0.7687435071 -0.8344742305 0.6966301325 8.6159342253 
0.2910921852 -0.4594458336 -0.9477058531 -0.4178865869 -0.8293398752 -0.8703000942 0.0789312246 -0.6320133621 -0.4896573517 -0.0214380368 9.1024775943 
-0.2563927392 0.3617445996 0.2064327963 0.5314195004 -0.2917279769 -0.9646472382 0.8786782801 -0.3227930049 0.4355124310 0.8207815525 6.9490210043 
-0.3908259193 -0.8685572095 0.9387153265 0.5187659858 -0.5010183740 -0.5893779832 -0.9513359452 -0.8902666791 0.0966005371 -0.4696040353 8.8935310883 
-0.3340985787 0.5036621257 0.3548575027 -0.7321130565 0.0685194817 0.2427142856 -0.0449213035 0.8179104932 0.0989101941 -0.5306249014 3.9692133525 
0.4568242150 0.1915996359 0.8431093575 -0.0433618156 -0.8828415670 -0.0644596860 -0.7396429841 0.1146231656 -0.7252171441 0.0177081139 4.3616229193 
-0.2052057697 0.2184980061 0.9474306727 -0.5949485639 0.5615039644 -0.2047970952 0.4925216355 -0.4975975852 -0.1369427550 0.4767033224 4.5492320844 
-0.1725460626 -0.1983204844 -0.4148500079 0.8776491837 0.5295804677 0.1341069053 -0.7694002585 0.4775624912 -0.6760833105 0.5157800040 8.9557771334 
-0.3703096716 0.3252368888 -0.4275309556 -0.9552397653 0.3497318204 0.4555047659 0.9177915963 0.6235927272 0.4743941334 -0.8627864984 8.4769689709 
-0.1426199064 0.9518665935 -0.4806328274 0.5140596394 0.7376729056 -0.8811484659 0.1393730849 0.8621230014 0.9103635214 0.0058618163 6.9094480103 
0.0833365257 0.5133804712 0.3325846729 -0.1584625574 -0.1049852136 0.2234299352 0.1835346852 -0.4931513999 0.6101861917 -0.3256097753 3.5249904723 
0.4161749407 -0.5267262169 -0.8607917456 -0.1476229229 -0.5229558828 -0.7584981332 -0.7705587964 -0.9180584302 -0.6438548224 -0.0740513003 9.1440084367 
0.0407373693 -0.9486138628 0.9788906095 0.3554596982 0.1006493872 -0.0942564365 -0.0018535425 0.1143604055 -0.7953512231 0.7776331164 8.4165572630 
0.1032142542 0.8221990681 -0.1393382665 -0.4904669835 0.3783038539 -0.0976499271 0.3123025537 -0.0313983651 0.6069995930 -0.5344872922 4.0016750165 
-0.6320614928 0.4982512901 -0.3972019543 0.6121448150 -0.8501556276 -0.2837455327 -0.3919332786 0.7075519304 -0.9447041984 -0.1734068423 9.4487143782 
-0.8813898301 0.6827215740 -0.9217945714 0.1021762459 -0.0584108697 0.5948423403 0.4182824059 0.4288225782 0.3754191324 0.7466375074 8.0734500553 
0.3979583610 -0.0307074235 0.4621388866 -0.3518027716 -0.8299820246 -0.7540670474 -0.6454623587 -0.0118802494 0.9747812798 -0.3822956180 2.9780367423 
0.8496306238 0.6913388847 0.3904724735 -0.7050159423 -0.4190027989 0.3460826993 -0.3322786883 0.9532803671 -0.5350269053 0.1223176387 3.4852747455 
-0.6182845913 -0.7631839497 -0.7851097474 0.4407424495 -0.0230750698 0.8099695554 0.2527357825 0.6171267161 0.5181923690 -0.7235666782 12.2452750873 
-0.5148464857 0.0083135380 -0.7921091999 -0.3071649800 -0.0969722301 0.4213334005 -0.0306006573 0.5466602556 -0.4633709729 0.7966017259 7.1466908989 
0.9625427083 0.0524608734 -0.9818546519 -0.7708475545 0.7858934544 0.9674831796 -0.0984399816 0.4089645681 -0.2233423412 -0.3658505426 8.6959687201 
0.5720832718 -0.5045448434 -0.2010079444 0.3309126946 0.0040207858 0.8499686151 -0.6189728305 -0.3620246914 -0.1183096853 -0.4918245468 7.8473649458 
-0.5936330998 -0.5588860445 0.8308148790 -0.3964298152 -0.3195632419 -0.9609265228 -0.1578956712 0.0637080740 -0.9252389540 -0.3914711267 8.3201206549 
-0.7917758508 0.4183706952 -0.7246362058 -0.7465810834 0.4472636986 0.2049060897 -0.2096141438 -0.4986401098 0.3407917829 0.5826199970 5.5291061106 
0.7470759741 -0.8781081509 -0.1089668511 -0.5663159222 0.9025279941 -0.6808435701 -0.6577383246 0.2757886923 0.3890635782 -0.9440129407 7.9023589918 
0.3602375397 -0.1836595124 -0.0305658335 -0.9825739439 -0.6004034989 0.7798803987 -0.1085341385 0.2628798247 -0.2241043312 0.2034023961 4.5355747262 
0.2669434210 -0.0561697416 -0.8426216757 -0.4737425742 -0.7528007550 0.2411786077 -0.7300884005 0.8054156631 0.2719376766 -0.7610455809 6.6391452513 
-0.1359989630 0.5231589243 0.6689873625 -0.7423384774 0.7381502405 -0.3193478810 0.3242630213 0.9260950986 -0.3363856058 -0.5328800331 5.7213015762 
-0.5948608564 0.3362585406 -0.9305744302 0.6680651526 0.3771320669 0.8141584743 0.5029517333 -0.3895890537 -0.8148824178 -0.5705257245 14.0245787316 
0.3079496241 0.8797295913 -0.9018621241 -0.9652204353 0.9068493557 -0.7668647378 -0.1745717951 -0.6534586340 0.2324648414 0.0557187075 5.8259880845 
-0.6261920838 -0.1692559021 0.6575939854 -0.0468564669 0.1042816158 0.4211168480 -0.0591335119 0.4063905537 0.0837482212 0.0560832797 4.9441850607 
0.0434577062 0.9194258249 0.7686952348 0.3719508872 -0.8232477030 -0.8817523210 -0.0092530794 -0.3642672659 0.5153763414 0.1461023976 3.8882711334 
-0.3022335887 -0.1412467208 -0.7927395274 0.4539338666 -0.9832846800 0.1004947495 0.0906771432 0.5853396862 -0.2688595508 -0.8466020170 10.7373192560 
0.1539538656 0.8052223570 0.7977045366 -0.1612932933 0.3282686205 -0.9400525493 0.6433625814 -0.6099764409 -0.3273215135 -0.1426370782 5.9054539448 
-0.8186777200 0.8592993488 -0.4026333402 0.7447753531 -0.9436734067 0.6921342393 0.3146369891 -0.6208175755 -0.9567424150 -0.0051876161 12.4026981615 
-0.2117286050 -0.6642024369 -0.0733043062 0.2419905241 0.3237843618 0.9542721286 0.8857450221 0.9607200349 -0.5780326402 -0.6301699116 13.2751289249 
-0.9614312321 -0.8572236038 -0.0949711007 -0.7324982710 0.3323324769 -0.8122373877 -0.2906241497 0.3238239701 -0.2741734140 0.7085947998 7.7596171687 
0.9553319768 -0.7758275316 0.2649290620 0.8284011483 0.1663066236 -0.7505441594 0.6798251780 -0.3005481615 -0.3206285011 0.0463413465 10.5180227739 
0.6432483313 0.1817890913 0.3161590083 0.3922303466 -0.7058235505 -0.5957887734 0.1494174226 -0.6164675808 0.6400843399 0.0703940971 4.6291275238 
-0.4858610331 -0.7677362733 -0.8925675653 -0.1286876619 0.5327916288 -0.1449940014 0.7592362350 -0.4975065916 0.4850651110 -0.1392199859 10.8894561628 
-0.1525566535 -0.4289159431 -0.2747988629 -0.9947109786 0.3868128718 0.9214030864 -0.6121413052 0.4072484045 0.1752209366 -0.6048363225 6.6479686163 
-0.6768766009 0.5713898282 -0.9095814890 0.8968478798 0.2385642467 -0.4743138391 -0.0235521799 -0.7554244777 0.1187566316 0.3861500399 9.5924022447 
-0.9591652715 -0.4650687780 -0.5894666455 0.9941500198 -0.9616063688 0.2569258696 0.1801082969 -0.6272741035 0.7885273399 -0.6964769180 13.3888141311 
0.8480903517 0.5751823445 0.0858002536 0.6671230784 0.2403816548 -0.1950629530 -0.0059587157 0.5297938487 -0.9256057101 0.7583708987 7.0070699453 
-0.1104794466 -0.3547296746 -0.2002048495 -0.0863052550 -0.1145700809 -0.8691760245 -0.3051115853 0.7896464106 -0.4192732847 0.8072438750 5.9090559093 
0.6997877896 -0.0585763937 -0.9250244986 0.3663077753 -0.3067780446 -0.9692468171 0.5414958689 0.3313642888 0.8619735268 0.9497580891 7.8172084213 
-0.1232832512 -0.5164702866 0.4058548524 -0.0705422672 -0.3201844806 -0.9941712977 0.8320550306 -0.5390349277 0.4329888959 -0.8095307001 8.9814827239 
-0.1559224853 0.3813661210 0.4296270566 -0.0364169352 -0.7658530249 0.2876858385 0.2824128668 -0.8205407380 -0.3055992340 -0.6572907354 7.0259037363 
0.8492212096 0.7686763609 -0.2855497766 0.4879214001 0.5617601126 0.7139160782 0.5143030154 0.0277229929 0.0129130123 -0.5701459531 8.2991846208 
0.5608462173 0.8973735648 -0.5318671698 0.8657153995 -0.4893379370 0.0435883006 0.3488239546 -0.6479959494 0.6303604845 0.4724872350 6.9916728551 
-0.1871433520 0.6379179460 0.6191829750 0.0797545635 0.4892700529 -0.1394314884 0.2103415616 0.7426222962 0.7884987561 -0.1733726729 3.9039771170 
0.2100744701 -0.4985210371 -0.9236610473 -0.0988392297 0.6846317324 0.5522107696 0.1192509571 -0.9944849293 -0.6985005493 -0.5576473865 12.4314389462 
-0.3251860127 -0.2787249539 0.4818795235 0.9241213915 -0.8332876623 0.5328636435 -0.2552618665 0.3820480181 -0.8067597084 0.1094173184 9.5191961959 
-0.1431570496 0.9939625814 0.3551136313 -0.5828001422 -0.4205746017 0.0558957495 -0.6560208235 -0.0719981063 0.7807788527 0.1120253664 1.1158442564 
0.5436650312 -0.4357217868 -0.7030605798 -0.9409563318 0.8558265910 -0.2848639459 0.8291904138 -0.0172098138 0.3769015861 0.4040026377 7.7121544287 
-0.8487767062 -0.0741389237 0.2016483590 -0.9867008114 -0.1806638591 0.7417496403 -0.9841725634 -0.3548109236 0.8721279297 -0.8098051773 6.1950744172 
0.3406104625 -0.9630752583 0.6186036637 -0.9968220514 0.2365622576 0.1705609359 -0.2478401656 -0.0652703311 0.1803218597 0.3291740652 4.5139265968 
-0.2084877546 0.5809184366 0.5010928856 -0.6760907413 0.2687338796 -0.9684921992 0.7194626678 -0.0578797892 -0.9016883395 -0.4242310219 7.6205197180 
0.3169650308 0.9718736192 0.3732999118 -0.4543545518 -0.1017916014 0.9381534285 0.6402001428 0.5149893911 0.8319503802 0.1447474256 4.1410470377 
-0.1783052130 -0.6712897139 0.7612755739 -0.3509767669 0.2928725399 -0.5106045220 -0.9952929370 0.0467444520 0.2354278253 -0.6686051346 5.3957540141 
0.1020298686 -0.2842166725 0.4498144770 0.0291428113 -0.4687522159 0.6957761891 0.7762335842 -0.9243242222 0.1459697961 -0.8333616222 9.5258757085 
-0.1255273072 0.3224376097 0.5166228856 -0.8130042730 -0.9151778360 0.7764442371 -0.4753951978 -0.1042137821 -0.3255473374 0.9338384303 3.7718732021 
-0.9418096585 0.9497747042 -0.0489470079 -0.3957458993 0.6548317126 0.1708636704 -0.5677964477 0.8152778955 -0.3441928673 -0.4193057144 6.5180734767 
0.6643846330 0.4452576438 -0.1529237602 0.1666672798 -0.3551892931 0.2301183390 0.1936486315 -0.5865672760 -0.7324461018 -0.3227973813 7.1032867292 
